5424
0.260817
3.890501e-05
2.466399e-04
2.593667e-04
2.593667e-04
2.593667e-04
3.890501e-05
3.890501e-05
2.593667e-04
3.890501e-05
2.593667e-04
2.593667e-04
2.593667e-04
2.593667e-04
2.593667e-04
2.593667e-04
2.593667e-04
2.593667e-04
2.593667e-04
3.189496e-04
3.890501e-05
1.331524e-04
2.593667e-04
7.197426e-05
2.593667e-04
2.593667e-04
3.890501e-05
3.890501e-05
2.593667e-04
3.890501e-05
2.593667e-04
2.593667e-04
2.593667e-04
3.890501e-05
2.593667e-04
3.890501e-05
2.593667e-04
1.050435e-04
2.585340e-04
3.785325e-04
3.890501e-05
7.197426e-05
1.381128e-04
2.593667e-04
2.593667e-04
5.543963e-05
9.298052e-05
2.593667e-04
2.593667e-04
3.890501e-05
2.593667e-04
3.890501e-05
3.890501e-05
2.593667e-04
3.890501e-05
3.890501e-05
2.593667e-04
2.593667e-04
2.593667e-04
2.593667e-04
2.593667e-04
7.197426e-05
1.050435e-04
3.890501e-05
3.890501e-05
2.593667e-04
2.593667e-04
2.593667e-04
3.890501e-05
3.695976e-04
2.593667e-04
2.593667e-04
3.890501e-05
1.711820e-04
1.997838e-04
2.593667e-04
3.890501e-05
3.144821e-04
3.890501e-05
2.593667e-04
3.890501e-05
2.593667e-04
2.593667e-04
4.992809e-05
3.062735e-04
1.997838e-04
3.606626e-04
2.593667e-04
1.799229e-04
1.997838e-04
1.997838e-04
2.593667e-04
3.890501e-05
1.974012e-04
9.480693e-05
1.997838e-04
1.997838e-04
2.593667e-04
1.997838e-04
2.593667e-04
2.593667e-04
1.997838e-04
3.890501e-05
3.890501e-05
2.593667e-04
3.890501e-05
2.593667e-04
2.593667e-04
3.890501e-05
3.890501e-05
1.802310e-04
2.593667e-04
3.890501e-05
1.997838e-04
2.593667e-04
1.997838e-04
2.593667e-04
3.890501e-05
2.593667e-04
3.890501e-05
3.890501e-05
2.593667e-04
3.890501e-05
2.593667e-04
6.766088e-05
2.593667e-04
3.890501e-05
2.593667e-04
1.997838e-04
3.890501e-05
6.576697e-05
3.890501e-05
3.890501e-05
2.593667e-04
2.593667e-04
7.197426e-05
3.890501e-05
4.717232e-05
6.576697e-05
3.890501e-05
7.197426e-05
2.593667e-04
3.890501e-05
3.890501e-05
7.197426e-05
1.997838e-04
7.197426e-05
3.890501e-05
1.997838e-04
1.612427e-04
2.593667e-04
3.890501e-05
3.890501e-05
1.997838e-04
2.593667e-04
2.593667e-04
2.593667e-04
7.197426e-05
2.593667e-04
3.890501e-05
1.997838e-04
3.890501e-05
1.494107e-04
7.197426e-05
1.799229e-04
1.780660e-04
2.593667e-04
1.997838e-04
2.593667e-04
1.997838e-04
3.890501e-05
7.197426e-05
2.593667e-04
6.766088e-05
2.593667e-04
1.997838e-04
8.679395e-05
3.890501e-05
1.997838e-04
8.024158e-05
1.000831e-04
1.997838e-04
1.997838e-04
1.997838e-04
3.100729e-04
2.593667e-04
1.419197e-04
3.890501e-05
2.593667e-04
3.890501e-05
2.593667e-04
2.593667e-04
3.890501e-05
3.890501e-05
2.593667e-04
3.890501e-05
2.593667e-04
2.593667e-04
7.197426e-05
2.593667e-04
5.543963e-05
2.593667e-04
1.997838e-04
1.997838e-04
1.997838e-04
7.197426e-05
8.765460e-05
2.593667e-04
6.766088e-05
2.593667e-04
2.593667e-04
6.646272e-05
2.593667e-04
2.593667e-04
3.890501e-05
2.593667e-04
7.197426e-05
3.890501e-05
3.890501e-05
2.593667e-04
2.593667e-04
4.992809e-05
1.612427e-04
1.997838e-04
2.337466e-04
2.593667e-04
1.997838e-04
3.890501e-05
1.126799e-04
1.997838e-04
1.997838e-04
7.197426e-05
2.593667e-04
2.593667e-04
2.593667e-04
1.050435e-04
3.890501e-05
1.997838e-04
1.149643e-04
1.215781e-04
1.997838e-04
2.801702e-04
2.593667e-04
3.890501e-05
2.593667e-04
6.567536e-05
1.820117e-04
2.593667e-04
2.593667e-04
1.997838e-04
2.593667e-04
2.593667e-04
1.997838e-04
3.890501e-05
3.890501e-05
1.997838e-04
3.890501e-05
1.133108e-04
1.997838e-04
1.820117e-04
3.890501e-05
1.997838e-04
2.593667e-04
2.593667e-04
2.593667e-04
7.197426e-05
1.997838e-04
5.543963e-05
3.785325e-04
6.766088e-05
7.197426e-05
3.890501e-05
3.890501e-05
1.997838e-04
7.197426e-05
2.593667e-04
3.890501e-05
2.593667e-04
2.593667e-04
7.197426e-05
7.197426e-05
2.593667e-04
2.593667e-04
2.593667e-04
3.890501e-05
2.593667e-04
8.850889e-05
1.997838e-04
1.997838e-04
2.593667e-04
8.679395e-05
7.197426e-05
3.890501e-05
2.593667e-04
1.997838e-04
4.362919e-05
1.799229e-04
4.038964e-04
5.543963e-05
1.997838e-04
2.593667e-04
1.997838e-04
9.304254e-05
3.890501e-05
3.890501e-05
2.593667e-04
3.890501e-05
2.593667e-04
2.593667e-04
3.890501e-05
3.890501e-05
2.593667e-04
2.593667e-04
2.466319e-04
3.890501e-05
3.890501e-05
3.890501e-05
1.997838e-04
9.632429e-05
1.997838e-04
3.890501e-05
7.197426e-05
2.593667e-04
3.890501e-05
2.593667e-04
1.997838e-04
3.890501e-05
2.593667e-04
2.593667e-04
2.593667e-04
1.997838e-04
3.785325e-04
3.890501e-05
7.197426e-05
1.997838e-04
6.766088e-05
6.766088e-05
3.890501e-05
1.997838e-04
2.593667e-04
1.997838e-04
3.890501e-05
3.890501e-05
2.593667e-04
2.593667e-04
3.890501e-05
1.997838e-04
2.593667e-04
1.997838e-04
1.997838e-04
3.890501e-05
2.593667e-04
2.593667e-04
2.593667e-04
7.197426e-05
1.997838e-04
7.197426e-05
2.593667e-04
2.593667e-04
3.785325e-04
1.997838e-04
2.593667e-04
1.997838e-04
2.593667e-04
3.890501e-05
2.593667e-04
2.593667e-04
2.593667e-04
7.197426e-05
2.593667e-04
2.593667e-04
3.890501e-05
1.799229e-04
2.593667e-04
3.890501e-05
3.890501e-05
2.593667e-04
2.593667e-04
2.593667e-04
4.992809e-05
1.997838e-04
4.662858e-04
8.481351e-05
9.641676e-05
1.997838e-04
2.593667e-04
1.799229e-04
1.997838e-04
4.992809e-05
1.997838e-04
1.997838e-04
7.197426e-05
1.997838e-04
2.593667e-04
1.997838e-04
1.997838e-04
1.997838e-04
1.997838e-04
2.593667e-04
2.593667e-04
3.367217e-04
4.992809e-05
1.422464e-04
2.593667e-04
4.992809e-05
2.593667e-04
2.593667e-04
1.799229e-04
1.997838e-04
2.593667e-04
1.997838e-04
1.514783e-04
2.593667e-04
1.997838e-04
2.593667e-04
3.890501e-05
3.890501e-05
2.593667e-04
2.593667e-04
3.890501e-05
1.997838e-04
3.559193e-04
2.931320e-04
1.997838e-04
1.050435e-04
4.717232e-05
3.890501e-05
2.593667e-04
2.593667e-04
1.997838e-04
1.997838e-04
1.050435e-04
5.543963e-05
2.593667e-04
2.593667e-04
2.648783e-04
1.997838e-04
2.593667e-04
2.593667e-04
6.635465e-04
2.593667e-04
2.593667e-04
2.593667e-04
2.593667e-04
3.890501e-05
2.593667e-04
2.170945e-04
1.997838e-04
2.593667e-04
1.997838e-04
4.257937e-05
3.890501e-05
2.593667e-04
4.992809e-05
2.593667e-04
1.050435e-04
2.593667e-04
1.020606e-03
2.593667e-04
2.593667e-04
2.593667e-04
1.820117e-04
4.992809e-05
3.890501e-05
2.593667e-04
3.328539e-04
2.593667e-04
1.050435e-04
2.593667e-04
2.593667e-04
2.593667e-04
1.997838e-04
3.890501e-05
1.805014e-04
7.197426e-05
4.191130e-05
2.593667e-04
7.197426e-05
2.593667e-04
3.890501e-05
7.197426e-05
3.890501e-05
2.593667e-04
2.568292e-04
3.890501e-05
2.593667e-04
1.997838e-04
2.593667e-04
2.593667e-04
2.593667e-04
3.890501e-05
2.593667e-04
2.593667e-04
3.890501e-05
2.593667e-04
1.997838e-04
2.593667e-04
2.593667e-04
2.593667e-04
1.820117e-04
2.593667e-04
3.890501e-05
1.997838e-04
3.890501e-05
2.593667e-04
2.593667e-04
2.593667e-04
1.997838e-04
1.997838e-04
1.381128e-04
3.890501e-05
3.890501e-05
2.593667e-04
1.997838e-04
3.890501e-05
1.141376e-04
3.367217e-04
2.593667e-04
3.785325e-04
2.593667e-04
3.890501e-05
2.593667e-04
2.124600e-04
2.593667e-04
3.890501e-05
3.890501e-05
2.593667e-04
2.593667e-04
2.593667e-04
2.593667e-04
3.890501e-05
1.997838e-04
3.785325e-04
1.997838e-04
2.593667e-04
4.717232e-05
2.593667e-04
2.593667e-04
4.381336e-04
2.593667e-04
2.593667e-04
2.593667e-04
1.997838e-04
2.593667e-04
2.593667e-04
7.384248e-04
2.593667e-04
2.593667e-04
3.890501e-05
3.738127e-04
4.992809e-05
2.593667e-04
3.785325e-04
2.593667e-04
2.593667e-04
2.593667e-04
3.890501e-05
2.593667e-04
1.997838e-04
1.997838e-04
1.820117e-04
2.593667e-04
3.890501e-05
2.593667e-04
3.606626e-04
1.997838e-04
6.766088e-05
2.593667e-04
3.785325e-04
3.890501e-05
1.997838e-04
4.441655e-05
3.890501e-05
3.890501e-05
5.543963e-05
6.766088e-05
3.606626e-04
8.024158e-05
1.997838e-04
1.820117e-04
1.997838e-04
2.593667e-04
1.997838e-04
7.197426e-05
2.593667e-04
2.593667e-04
3.890501e-05
2.593667e-04
1.997838e-04
2.593667e-04
4.976983e-04
2.593667e-04
3.890501e-05
7.197426e-05
7.498056e-05
3.890501e-05
1.997838e-04
2.593667e-04
2.593667e-04
3.890501e-05
1.997838e-04
1.997838e-04
5.428606e-05
2.593667e-04
2.593667e-04
5.543963e-05
2.593667e-04
3.100147e-04
6.766088e-05
2.593667e-04
3.890501e-05
2.593667e-04
1.997838e-04
2.593667e-04
2.593667e-04
2.593667e-04
5.543963e-05
1.997838e-04
1.997838e-04
2.593667e-04
3.890501e-05
3.890501e-05
2.593667e-04
3.890501e-05
2.593667e-04
2.593667e-04
7.197426e-05
2.593667e-04
2.013472e-04
7.197426e-05
1.997838e-04
1.997838e-04
2.593667e-04
2.186520e-04
3.890501e-05
2.593667e-04
2.593667e-04
3.785325e-04
3.890501e-05
2.593667e-04
5.543963e-05
2.593667e-04
3.890501e-05
2.593667e-04
1.711820e-04
7.816097e-05
2.593667e-04
5.480551e-04
2.593667e-04
1.997838e-04
3.890501e-05
2.593667e-04
3.890501e-05
2.593667e-04
3.328539e-04
2.593667e-04
1.997838e-04
2.593667e-04
3.890501e-05
2.593667e-04
2.593667e-04
1.331524e-04
1.997838e-04
1.605688e-04
2.593667e-04
4.717232e-05
3.890501e-05
2.593667e-04
2.593667e-04
2.593667e-04
1.997838e-04
3.695976e-04
2.593667e-04
3.890501e-05
2.593667e-04
2.593667e-04
2.593667e-04
6.766088e-05
2.593667e-04
3.890501e-05
1.025633e-04
3.890501e-05
3.890501e-05
1.997838e-04
3.890501e-05
2.593667e-04
5.543963e-05
3.890501e-05
1.997838e-04
3.890501e-05
1.997838e-04
3.890501e-05
2.593667e-04
1.997838e-04
2.593667e-04
3.890501e-05
2.593667e-04
2.593667e-04
3.890501e-05
1.997838e-04
3.890501e-05
3.890501e-05
3.890501e-05
3.890501e-05
2.593667e-04
2.593667e-04
2.759013e-04
3.890501e-05
5.543963e-05
3.890501e-05
3.890501e-05
3.890501e-05
6.195244e-05
1.997838e-04
7.197426e-05
5.543963e-05
3.890501e-05
6.576697e-05
1.050435e-04
3.890501e-05
2.593667e-04
2.593667e-04
2.593667e-04
2.593667e-04
3.890501e-05
2.593667e-04
2.593667e-04
1.997838e-04
2.593667e-04
3.890501e-05
6.766088e-05
1.997838e-04
2.593667e-04
3.890501e-05
4.992809e-05
8.850889e-05
1.997838e-04
1.997838e-04
3.890501e-05
2.593667e-04
2.593667e-04
3.890501e-05
3.890501e-05
7.197426e-05
2.593667e-04
3.890501e-05
1.997838e-04
2.373205e-04
1.997838e-04
3.890501e-05
2.593667e-04
2.593667e-04
2.593667e-04
3.367217e-04
7.197426e-05
3.890501e-05
1.997838e-04
1.997838e-04
7.197426e-05
8.850889e-05
3.890501e-05
3.890501e-05
2.593667e-04
3.890501e-05
3.890501e-05
2.593667e-04
3.890501e-05
3.890501e-05
2.593667e-04
1.997838e-04
1.997838e-04
7.197426e-05
3.100147e-04
2.593667e-04
2.593667e-04
2.593667e-04
2.593667e-04
2.593667e-04
1.997838e-04
3.890501e-05
2.593667e-04
3.890501e-05
3.890501e-05
2.593667e-04
1.997838e-04
2.593667e-04
2.593667e-04
7.197426e-05
1.997838e-04
3.890501e-05
1.997838e-04
4.717232e-05
3.890501e-05
2.593667e-04
1.997838e-04
2.593667e-04
3.890501e-05
2.593667e-04
2.593667e-04
1.997838e-04
3.890501e-05
8.373684e-05
6.766088e-05
7.197426e-05
5.543963e-05
2.593667e-04
7.197426e-05
1.997838e-04
1.997838e-04
7.197426e-05
9.236697e-05
5.565112e-05
2.593667e-04
3.890501e-05
2.593667e-04
2.593667e-04
1.997838e-04
1.997838e-04
2.593667e-04
1.997838e-04
3.890501e-05
2.593667e-04
1.050435e-04
3.785325e-04
2.593667e-04
3.890501e-05
2.593667e-04
2.593667e-04
4.191130e-05
3.890501e-05
2.593667e-04
1.050435e-04
7.197426e-05
1.997838e-04
1.997838e-04
2.593667e-04
3.890501e-05
1.050435e-04
1.997838e-04
7.197426e-05
2.593667e-04
1.997838e-04
5.757110e-05
1.050435e-04
3.365283e-04
3.890501e-05
3.890501e-05
3.890501e-05
7.197426e-05
1.997838e-04
2.593667e-04
1.997838e-04
3.367217e-04
5.819541e-05
1.050435e-04
2.593667e-04
2.593667e-04
2.593667e-04
2.593667e-04
1.997838e-04
2.593667e-04
2.593667e-04
3.890501e-05
1.997838e-04
2.593667e-04
2.593667e-04
2.593667e-04
8.299735e-05
3.890501e-05
2.593667e-04
2.593667e-04
1.997838e-04
1.997838e-04
7.197426e-05
1.997838e-04
2.593667e-04
2.593667e-04
5.543963e-05
5.543963e-05
1.997838e-04
2.593667e-04
1.997838e-04
6.766088e-05
2.593667e-04
2.593667e-04
3.890501e-05
2.593667e-04
1.997838e-04
7.197426e-05
2.593667e-04
1.997838e-04
7.930284e-05
3.890501e-05
1.997838e-04
3.890501e-05
2.593667e-04
2.593667e-04
2.593667e-04
3.890501e-05
1.997838e-04
8.602870e-05
4.992809e-05
3.890501e-05
7.197426e-05
2.593667e-04
1.997838e-04
6.635465e-04
1.997838e-04
2.593667e-04
2.593667e-04
2.593667e-04
7.197426e-05
3.890501e-05
2.593667e-04
1.997838e-04
1.997838e-04
1.997838e-04
2.509172e-04
2.593667e-04
3.890501e-05
2.593667e-04
3.890501e-05
4.992809e-05
2.593667e-04
2.593667e-04
2.593667e-04
7.197426e-05
1.997838e-04
2.593667e-04
1.997838e-04
3.890501e-05
7.197426e-05
2.593667e-04
3.890501e-05
5.543963e-05
3.367217e-04
1.997838e-04
1.997838e-04
1.997838e-04
1.194046e-04
3.890501e-05
3.890501e-05
1.050435e-04
2.593667e-04
3.890501e-05
2.593667e-04
7.197426e-05
1.997838e-04
3.890501e-05
2.593667e-04
2.593667e-04
4.717232e-05
2.593667e-04
7.197426e-05
3.034591e-04
1.997838e-04
3.890501e-05
4.307757e-04
3.890501e-05
3.890501e-05
2.593667e-04
3.890501e-05
1.997838e-04
2.593667e-04
6.766088e-05
1.997838e-04
2.593667e-04
5.543963e-05
1.997838e-04
2.593667e-04
2.593667e-04
2.593667e-04
1.997838e-04
3.890501e-05
2.593667e-04
3.259186e-04
3.890501e-05
2.593667e-04
1.820117e-04
4.551886e-05
5.543963e-05
6.946235e-05
3.890501e-05
3.890501e-05
1.997838e-04
3.890501e-05
4.992809e-05
2.593667e-04
2.593667e-04
9.797496e-05
2.593667e-04
1.000831e-04
2.593667e-04
1.820117e-04
3.890501e-05
7.197426e-05
3.890501e-05
1.997838e-04
2.593667e-04
3.890501e-05
3.890501e-05
1.997838e-04
2.593667e-04
1.025633e-04
8.679395e-05
1.215781e-04
1.799229e-04
2.593667e-04
2.593667e-04
2.593667e-04
3.890501e-05
3.785325e-04
3.890501e-05
4.352429e-04
6.766088e-05
6.766088e-05
2.593667e-04
2.593667e-04
1.997838e-04
6.766088e-05
4.992809e-05
1.997838e-04
3.890501e-05
2.593667e-04
2.593667e-04
2.593667e-04
4.993334e-04
6.766088e-05
7.197426e-05
1.358589e-03
1.997838e-04
3.890501e-05
9.641676e-05
2.593667e-04
2.593667e-04
2.090783e-04
7.197426e-05
2.593667e-04
1.997838e-04
1.997838e-04
1.997838e-04
1.820117e-04
3.695976e-04
2.593667e-04
2.124600e-04
1.997838e-04
3.890501e-05
1.997838e-04
7.197426e-05
1.997838e-04
3.890501e-05
1.997838e-04
3.890501e-05
2.593667e-04
2.593667e-04
1.997838e-04
3.890501e-05
8.134388e-05
2.593667e-04
3.785325e-04
2.593667e-04
1.997838e-04
1.050435e-04
1.000831e-04
2.593667e-04
1.805014e-04
3.890501e-05
2.593667e-04
3.890501e-05
2.854599e-04
3.890501e-05
3.890501e-05
2.593667e-04
4.330241e-03
2.593667e-04
4.976983e-04
1.997838e-04
3.890501e-05
2.593667e-04
2.563884e-04
1.997838e-04
2.593667e-04
3.890501e-05
6.766088e-05
2.593667e-04
2.593667e-04
3.890501e-05
4.551886e-05
2.593667e-04
4.992809e-05
1.802310e-04
7.197426e-05
1.997838e-04
3.890501e-05
1.997838e-04
2.593667e-04
3.890501e-05
1.997838e-04
2.593667e-04
1.997838e-04
7.197426e-05
2.593667e-04
2.593667e-04
1.997838e-04
2.593667e-04
3.785325e-04
3.890501e-05
2.593667e-04
2.593667e-04
3.890501e-05
2.593667e-04
2.593667e-04
1.997838e-04
2.593667e-04
1.997838e-04
6.949407e-05
3.890501e-05
5.543963e-05
3.890501e-05
2.593667e-04
6.766088e-05
2.593667e-04
8.299735e-05
2.593667e-04
2.593667e-04
4.992809e-05
2.593667e-04
3.890501e-05
1.346829e-04
2.593667e-04
5.543963e-05
1.997838e-04
2.593667e-04
1.711820e-04
2.593667e-04
3.890501e-05
1.997838e-04
3.890501e-05
3.890501e-05
7.197426e-05
2.593667e-04
3.890501e-05
3.786053e-04
2.504318e-04
2.593667e-04
2.593667e-04
2.593667e-04
2.593667e-04
2.593667e-04
1.050435e-04
4.992809e-05
3.890501e-05
2.593667e-04
2.593667e-04
2.593667e-04
3.785325e-04
2.593667e-04
3.890501e-05
1.997838e-04
3.890501e-05
2.593667e-04
2.593667e-04
1.997838e-04
1.997838e-04
2.593667e-04
3.890501e-05
2.593667e-04
1.997838e-04
1.997838e-04
1.997838e-04
2.593667e-04
1.997838e-04
3.890501e-05
2.593667e-04
1.997838e-04
3.890501e-05
3.890501e-05
2.593667e-04
1.050435e-04
1.997838e-04
1.997838e-04
2.593667e-04
2.593667e-04
2.593667e-04
4.717232e-05
1.997838e-04
2.593667e-04
3.890501e-05
2.593667e-04
3.890501e-05
4.992809e-05
7.197426e-05
2.593667e-04
3.890501e-05
1.997838e-04
1.820117e-04
2.593667e-04
3.890501e-05
2.593667e-04
7.197426e-05
2.593667e-04
1.820117e-04
7.197426e-05
1.997838e-04
7.197426e-05
2.593667e-04
3.890501e-05
1.997838e-04
1.997838e-04
3.890501e-05
7.197426e-05
2.090783e-04
2.593667e-04
3.890501e-05
3.890501e-05
2.593667e-04
2.593667e-04
1.997838e-04
2.593667e-04
1.997838e-04
2.593667e-04
2.593667e-04
2.593667e-04
2.593667e-04
2.593667e-04
3.890501e-05
6.766088e-05
1.877167e-04
2.593667e-04
3.890501e-05
1.997838e-04
3.785325e-04
3.367217e-04
2.593667e-04
2.593667e-04
7.197426e-05
2.593667e-04
3.890501e-05
3.890501e-05
2.593667e-04
3.890501e-05
5.543963e-05
1.997838e-04
1.997838e-04
1.997838e-04
2.593667e-04
2.593667e-04
2.593667e-04
1.997838e-04
3.890501e-05
2.593667e-04
1.997838e-04
3.890501e-05
3.890501e-05
3.890501e-05
9.641676e-05
1.820117e-04
2.593667e-04
1.997838e-04
3.890501e-05
1.550322e-03
2.593667e-04
1.546474e-04
1.198632e-04
1.820117e-04
2.593667e-04
2.593667e-04
2.593667e-04
2.593667e-04
1.331524e-04
2.593667e-04
1.997838e-04
3.890501e-05
3.890501e-05
6.576697e-05
2.593667e-04
2.593667e-04
1.997838e-04
2.593667e-04
2.593667e-04
1.997838e-04
2.593667e-04
2.593667e-04
1.997838e-04
3.890501e-05
2.593667e-04
2.593667e-04
5.543963e-05
2.593667e-04
3.785325e-04
1.997838e-04
2.593667e-04
7.197426e-05
3.890501e-05
1.997838e-04
3.890501e-05
2.593667e-04
2.593667e-04
2.593667e-04
3.890501e-05
3.890501e-05
2.186520e-04
4.441655e-05
2.593667e-04
3.100147e-04
2.593667e-04
2.593667e-04
2.593667e-04
6.524949e-05
6.095118e-05
6.095118e-05
6.576697e-05
2.563884e-04
5.543963e-05
1.997838e-04
3.890501e-05
1.997838e-04
6.949407e-05
1.997838e-04
3.890501e-05
2.593667e-04
8.679395e-05
1.820117e-04
2.593667e-04
7.197426e-05
3.890501e-05
6.843999e-05
4.026668e-04
2.593667e-04
1.477405e-04
1.997838e-04
2.593667e-04
1.997838e-04
3.890501e-05
2.593667e-04
2.593667e-04
3.890501e-05
3.890501e-05
2.990886e-04
2.593667e-04
2.593667e-04
3.890501e-05
3.553389e-04
2.593667e-04
2.593667e-04
1.997838e-04
3.890501e-05
2.593667e-04
3.890501e-05
2.593667e-04
3.890501e-05
3.890501e-05
5.543963e-05
2.593667e-04
3.890501e-05
2.593667e-04
4.992809e-05
3.890501e-05
1.997838e-04
1.997838e-04
3.890501e-05
3.890501e-05
2.593667e-04
2.593667e-04
3.785325e-04
2.593667e-04
1.000831e-04
7.197426e-05
1.050435e-04
5.543963e-05
2.373205e-04
1.997838e-04
3.890501e-05
4.976983e-04
5.073495e-04
2.593667e-04
1.025633e-04
2.593667e-04
3.034591e-04
9.236697e-05
3.890501e-05
3.328539e-04
3.890501e-05
1.820117e-04
8.679395e-05
1.997838e-04
2.593667e-04
6.766088e-05
3.890501e-05
2.593667e-04
3.890501e-05
2.593667e-04
2.593667e-04
1.997838e-04
1.025633e-04
5.349438e-04
2.593667e-04
1.997838e-04
2.593667e-04
2.593667e-04
3.890501e-05
3.890501e-05
3.890501e-05
2.593667e-04
3.890501e-05
3.890501e-05
2.593667e-04
2.593667e-04
1.997838e-04
2.593667e-04
3.890501e-05
1.997838e-04
3.890501e-05
2.593667e-04
1.997838e-04
3.890501e-05
1.997838e-04
7.197426e-05
3.890501e-05
2.593667e-04
2.593667e-04
3.890501e-05
1.997838e-04
2.593667e-04
1.997838e-04
1.997838e-04
2.593667e-04
2.593667e-04
3.890501e-05
2.251078e-04
2.593667e-04
2.593667e-04
7.197426e-05
7.197426e-05
2.593667e-04
2.593667e-04
1.997838e-04
1.997838e-04
2.593667e-04
3.890501e-05
1.997838e-04
1.997838e-04
9.539832e-05
2.593667e-04
2.593667e-04
2.593667e-04
5.543963e-05
1.997838e-04
4.191130e-05
1.997838e-04
3.890501e-05
4.992809e-05
1.997838e-04
1.080200e-04
3.890501e-05
3.890501e-05
4.543589e-04
1.997838e-04
2.593667e-04
2.593667e-04
2.593667e-04
3.367217e-04
6.402090e-05
3.890501e-05
2.593667e-04
1.997838e-04
3.890501e-05
2.593667e-04
1.997838e-04
2.593667e-04
1.997838e-04
8.679395e-05
1.997838e-04
1.997838e-04
3.890501e-05
3.890501e-05
2.593667e-04
3.890501e-05
2.593667e-04
2.585340e-04
1.997838e-04
1.997838e-04
1.807564e-04
1.711820e-04
3.890501e-05
1.997838e-04
1.778060e-03
2.621853e-03
3.890501e-05
7.197426e-05
1.126799e-04
2.593667e-04
2.593667e-04
9.620109e-05
3.890501e-05
5.543963e-05
3.890501e-05
7.197426e-05
3.890501e-05
3.890501e-05
2.593667e-04
2.593667e-04
2.593667e-04
3.890501e-05
3.890501e-05
7.197426e-05
2.593667e-04
3.890501e-05
2.593667e-04
5.543963e-05
2.593667e-04
3.890501e-05
3.785325e-04
3.890501e-05
2.593667e-04
3.890501e-05
3.890501e-05
2.593667e-04
1.329855e-04
2.593667e-04
1.997838e-04
1.997838e-04
6.576697e-05
2.593667e-04
3.890501e-05
1.997838e-04
2.593667e-04
1.997838e-04
7.197426e-05
3.890501e-05
2.593667e-04
2.593667e-04
3.890501e-05
2.593667e-04
2.593667e-04
2.593667e-04
2.593667e-04
1.997838e-04
2.593667e-04
2.593667e-04
1.820117e-04
8.602870e-05
5.543963e-05
4.551886e-05
2.593667e-04
3.890501e-05
1.997838e-04
4.992809e-05
2.593667e-04
1.997838e-04
1.331524e-04
1.997838e-04
1.356326e-04
1.997838e-04
5.543963e-05
3.890501e-05
1.126799e-04
3.890501e-05
1.050435e-04
3.890501e-05
2.563884e-04
2.593667e-04
3.890501e-05
2.593667e-04
5.565112e-05
1.997838e-04
3.367217e-04
2.593667e-04
2.593667e-04
1.997838e-04
2.593667e-04
3.890501e-05
2.593667e-04
2.593667e-04
2.593667e-04
2.593667e-04
3.890501e-05
2.563884e-04
2.593667e-04
3.890501e-05
2.593667e-04
2.593667e-04
1.997838e-04
1.050435e-04
4.428840e-04
1.004028e-03
1.997838e-04
2.593667e-04
2.563884e-04
7.197426e-05
1.997838e-04
2.593667e-04
2.124600e-04
2.593667e-04
1.316229e-04
1.381128e-04
2.593667e-04
7.197426e-05
3.890501e-05
3.890501e-05
3.890501e-05
3.890501e-05
2.593667e-04
3.890501e-05
3.890501e-05
7.197426e-05
3.785325e-04
2.593667e-04
2.593667e-04
2.593667e-04
2.593667e-04
2.593667e-04
2.593667e-04
2.593667e-04
2.593667e-04
2.593667e-04
2.593667e-04
3.890501e-05
2.593667e-04
2.593667e-04
5.543963e-05
1.997838e-04
2.593667e-04
7.197426e-05
3.890501e-05
2.514538e-04
1.997838e-04
4.257937e-05
1.997838e-04
3.890501e-05
2.593667e-04
6.766088e-05
2.593667e-04
1.997838e-04
2.593667e-04
2.593667e-04
1.997838e-04
1.997838e-04
1.997838e-04
3.890501e-05
2.593667e-04
2.593667e-04
3.890501e-05
3.328539e-04
2.593667e-04
3.890501e-05
9.191426e-04
3.890501e-05
1.997838e-04
3.785325e-04
2.593667e-04
3.890501e-05
3.890501e-05
6.576697e-05
8.134388e-05
9.641676e-05
6.766088e-05
3.890501e-05
1.216689e-04
3.890501e-05
3.890501e-05
2.593667e-04
1.997838e-04
3.890501e-05
1.997838e-04
2.593667e-04
1.050435e-04
2.593667e-04
2.593667e-04
1.050435e-04
2.593667e-04
3.785325e-04
2.593667e-04
6.095118e-05
3.890501e-05
2.593667e-04
4.717232e-05
2.593667e-04
1.997838e-04
2.593667e-04
7.197426e-05
9.632429e-05
2.593667e-04
3.890501e-05
3.890501e-05
1.997838e-04
1.997838e-04
3.785325e-04
1.997838e-04
2.593667e-04
2.593667e-04
1.269314e-03
3.890501e-05
2.593667e-04
2.494074e-04
1.997838e-04
2.593667e-04
2.593667e-04
6.576697e-05
1.997838e-04
5.543963e-05
2.593667e-04
2.593667e-04
3.890501e-05
1.997838e-04
2.563884e-04
5.543963e-05
2.593667e-04
1.126799e-04
2.593667e-04
3.890501e-05
2.593667e-04
1.997838e-04
2.593667e-04
1.625553e-04
1.997838e-04
2.593667e-04
3.890501e-05
3.890501e-05
3.890501e-05
1.997838e-04
2.593667e-04
2.593667e-04
1.997838e-04
3.890501e-05
2.593667e-04
2.593667e-04
2.593667e-04
2.593667e-04
2.593667e-04
2.593667e-04
1.997838e-04
3.890501e-05
3.227494e-04
6.949407e-05
3.890501e-05
1.997838e-04
2.891582e-04
3.890501e-05
2.593667e-04
3.890501e-05
2.593667e-04
4.551886e-05
7.197426e-05
2.593667e-04
5.543963e-05
3.890501e-05
3.890501e-05
2.593667e-04
7.816531e-05
3.890501e-05
1.997838e-04
2.593667e-04
6.576697e-05
2.593667e-04
1.997838e-04
1.997838e-04
1.997838e-04
6.576697e-05
3.606626e-04
4.257937e-05
3.890501e-05
1.997838e-04
2.593667e-04
9.632429e-05
2.593667e-04
1.050435e-04
3.890501e-05
7.197426e-05
2.593667e-04
1.997838e-04
3.890501e-05
1.997838e-04
3.890501e-05
7.197426e-05
2.032259e-04
7.197426e-05
7.197426e-05
3.785325e-04
3.890501e-05
3.367217e-04
1.381128e-04
1.997838e-04
3.890501e-05
2.593667e-04
2.593667e-04
7.197426e-05
7.674402e-05
1.997838e-04
1.997838e-04
3.890501e-05
7.623719e-05
3.890501e-05
2.593667e-04
2.593667e-04
3.890501e-05
1.997838e-04
2.593667e-04
1.997838e-04
4.441655e-05
3.890501e-05
1.997838e-04
3.890501e-05
5.428606e-05
2.593667e-04
3.890501e-05
2.593667e-04
2.593667e-04
7.900148e-05
7.197426e-05
1.997838e-04
2.593667e-04
1.997838e-04
3.890501e-05
7.197426e-05
1.997838e-04
4.551886e-05
2.593667e-04
2.593667e-04
3.890501e-05
2.593667e-04
1.997838e-04
2.593667e-04
2.593667e-04
1.997838e-04
1.997838e-04
1.359219e-04
1.997838e-04
1.997838e-04
3.890501e-05
3.890501e-05
3.144821e-04
3.890501e-05
3.785325e-04
3.890501e-05
1.997838e-04
1.997838e-04
3.890501e-05
4.992809e-05
1.997838e-04
3.890501e-05
5.543963e-05
1.339736e-04
1.997838e-04
2.593667e-04
2.593667e-04
2.593667e-04
7.197426e-05
2.593667e-04
3.890501e-05
2.593667e-04
3.890501e-05
1.997838e-04
1.997838e-04
2.838625e-04
2.593667e-04
1.997838e-04
3.890501e-05
2.593667e-04
2.593667e-04
2.593667e-04
3.890501e-05
2.593667e-04
2.593667e-04
3.890501e-05
3.890501e-05
2.593667e-04
2.593667e-04
3.890501e-05
2.593667e-04
3.890501e-05
3.890501e-05
2.563884e-04
3.890501e-05
2.593667e-04
3.890501e-05
2.593667e-04
1.997838e-04
1.820117e-04
3.890501e-05
2.593667e-04
1.997838e-04
2.593667e-04
1.997838e-04
2.593667e-04
5.543963e-05
6.766088e-05
3.890501e-05
3.890501e-05
3.890501e-05
2.593667e-04
5.543963e-05
3.890501e-05
8.299735e-05
2.593667e-04
4.874551e-05
2.593667e-04
3.890501e-05
3.890501e-05
3.890501e-05
6.949407e-05
2.593667e-04
2.593667e-04
3.890501e-05
2.593667e-04
7.197426e-05
2.593667e-04
7.197426e-05
2.593667e-04
2.593667e-04
2.593667e-04
3.890501e-05
2.054323e-04
2.593667e-04
3.890501e-05
1.997838e-04
2.593667e-04
2.593667e-04
7.197426e-05
2.593667e-04
1.997838e-04
1.514783e-04
2.593667e-04
1.997838e-04
6.766088e-05
3.890501e-05
2.593667e-04
2.593667e-04
3.890501e-05
3.890501e-05
2.593667e-04
2.593667e-04
1.997838e-04
2.593667e-04
1.997838e-04
2.593667e-04
1.997838e-04
4.191130e-05
3.890501e-05
2.593667e-04
2.593667e-04
6.766088e-05
1.997838e-04
3.890501e-05
4.992809e-05
1.997838e-04
7.197426e-05
5.461290e-05
2.593667e-04
1.997838e-04
2.593667e-04
7.197426e-05
1.997838e-04
2.593667e-04
3.695976e-04
6.843999e-05
2.082806e-04
1.997838e-04
2.593667e-04
1.997838e-04
1.997838e-04
6.766088e-05
3.890501e-05
2.593667e-04
3.890501e-05
3.785325e-04
1.997838e-04
2.593667e-04
2.593667e-04
7.197426e-05
2.593667e-04
2.593667e-04
4.268201e-04
2.593667e-04
2.593667e-04
2.593667e-04
2.593667e-04
1.997838e-04
2.593667e-04
2.593667e-04
2.593667e-04
2.593667e-04
1.997838e-04
1.997838e-04
2.593667e-04
2.593667e-04
3.890501e-05
1.997838e-04
1.805014e-04
7.197426e-05
5.543963e-05
2.593667e-04
3.890501e-05
2.593667e-04
2.593667e-04
1.997838e-04
3.890501e-05
1.997838e-04
7.197426e-05
4.992809e-05
3.890501e-05
2.593667e-04
1.820117e-04
6.265153e-04
2.593667e-04
3.890501e-05
2.593667e-04
2.509172e-04
1.997838e-04
1.997838e-04
3.890501e-05
2.593667e-04
5.543963e-05
1.617978e-04
3.890501e-05
3.367217e-04
2.593667e-04
1.997838e-04
1.820117e-04
7.197426e-05
6.766088e-05
1.997838e-04
2.593667e-04
5.543963e-05
2.593667e-04
8.373684e-05
4.992809e-05
2.593667e-04
4.976983e-04
2.593667e-04
3.785325e-04
3.785325e-04
2.593667e-04
2.838625e-04
1.997838e-04
3.785325e-04
3.890501e-05
3.890501e-05
2.593667e-04
3.785325e-04
3.785325e-04
3.785325e-04
2.593667e-04
2.090783e-04
2.593667e-04
3.890501e-05
6.949407e-05
3.890501e-05
6.766088e-05
7.197426e-05
2.593667e-04
4.662858e-04
5.026037e-04
2.593667e-04
2.902838e-04
2.593667e-04
2.593667e-04
3.785325e-04
3.890501e-05
3.785325e-04
3.890501e-05
6.766088e-05
2.593667e-04
2.593667e-04
3.890501e-05
1.381128e-04
2.593667e-04
2.593667e-04
3.785325e-04
2.593667e-04
2.593667e-04
3.785325e-04
3.367217e-04
3.890501e-05
1.997838e-04
5.543963e-05
7.197426e-05
2.593667e-04
2.593667e-04
4.191130e-05
3.890501e-05
1.799229e-04
9.277182e-05
3.890501e-05
4.992809e-05
7.197426e-05
3.785325e-04
7.197426e-05
1.711820e-04
2.593667e-04
2.593667e-04
2.593667e-04
3.890501e-05
2.593667e-04
3.890501e-05
2.593667e-04
3.890501e-05
2.593667e-04
2.593667e-04
2.494074e-04
3.890501e-05
1.050435e-04
3.785325e-04
3.890501e-05
3.890501e-05
3.890501e-05
3.367217e-04
7.197426e-05
2.593667e-04
2.593667e-04
6.766088e-05
3.785325e-04
2.593667e-04
2.593667e-04
3.890501e-05
2.593667e-04
3.890501e-05
2.593667e-04
3.890501e-05
3.785325e-04
3.890501e-05
2.593667e-04
3.785325e-04
4.717232e-05
3.890501e-05
6.524949e-05
3.890501e-05
2.593667e-04
2.593667e-04
3.785325e-04
2.593667e-04
3.890501e-05
3.785325e-04
4.992809e-05
3.785325e-04
2.593667e-04
3.034591e-04
2.593667e-04
3.890501e-05
2.593667e-04
3.890501e-05
3.890501e-05
3.785325e-04
2.593667e-04
3.890501e-05
3.785325e-04
5.543963e-05
3.890501e-05
3.785325e-04
3.890501e-05
3.785325e-04
3.367217e-04
5.543963e-05
2.593667e-04
2.593667e-04
2.509172e-04
2.593667e-04
3.785325e-04
3.785325e-04
3.785325e-04
2.593667e-04
2.593667e-04
2.593667e-04
2.593667e-04
3.890501e-05
2.593667e-04
1.031265e-04
1.126799e-04
3.785325e-04
3.695976e-04
2.593667e-04
2.593667e-04
3.785325e-04
2.593667e-04
2.593667e-04
7.197426e-05
3.785325e-04
3.890501e-05
3.785325e-04
3.890501e-05
2.593667e-04
2.593667e-04
2.593667e-04
3.890501e-05
3.785325e-04
3.890501e-05
2.557876e-04
3.785325e-04
2.593667e-04
2.593667e-04
3.890501e-05
3.785325e-04
3.890501e-05
2.593667e-04
3.785325e-04
2.593667e-04
2.585340e-04
3.890501e-05
3.890501e-05
2.593667e-04
3.785325e-04
2.593667e-04
2.084577e-04
2.593667e-04
3.890501e-05
3.890501e-05
3.785325e-04
1.869978e-04
3.890501e-05
6.766088e-05
2.593667e-04
3.785325e-04
3.890501e-05
7.197426e-05
2.593667e-04
2.593667e-04
2.593667e-04
3.367217e-04
3.785325e-04
2.593667e-04
2.593667e-04
3.890501e-05
2.593667e-04
3.785325e-04
2.593667e-04
3.890501e-05
2.593667e-04
7.197426e-05
1.768367e-04
3.890501e-05
1.025633e-04
2.593667e-04
3.890501e-05
3.785325e-04
3.785325e-04
3.785325e-04
2.593667e-04
5.543963e-05
5.543963e-05
2.593667e-04
3.785325e-04
3.890501e-05
1.997838e-04
3.890501e-05
2.593667e-04
3.785325e-04
2.593667e-04
5.543963e-05
3.695976e-04
3.785325e-04
8.222260e-04
2.593667e-04
2.593667e-04
2.593667e-04
2.593667e-04
5.543963e-05
5.543963e-05
2.593667e-04
3.890501e-05
2.593667e-04
7.197426e-05
4.992809e-05
3.890501e-05
7.197426e-05
2.593667e-04
3.785325e-04
3.785325e-04
2.593667e-04
3.890501e-05
4.992809e-05
2.593667e-04
6.766088e-05
3.785325e-04
3.785325e-04
2.593667e-04
2.593667e-04
2.593667e-04
7.197426e-05
2.593667e-04
3.785325e-04
2.593667e-04
7.197426e-05
6.766088e-05
2.593667e-04
3.890501e-05
7.197426e-05
3.890501e-05
3.785325e-04
7.197426e-05
7.197426e-05
2.593667e-04
2.593667e-04
2.593667e-04
7.197426e-05
7.197426e-05
3.785325e-04
2.547649e-04
2.593667e-04
3.785325e-04
2.593667e-04
2.593667e-04
3.890501e-05
2.593667e-04
3.189496e-04
3.785325e-04
3.785325e-04
2.593667e-04
3.785325e-04
2.593667e-04
2.593667e-04
5.543963e-05
3.785325e-04
3.785325e-04
3.890501e-05
3.890501e-05
2.593667e-04
7.197426e-05
2.593667e-04
4.992809e-05
3.890501e-05
3.785325e-04
3.890501e-05
3.890501e-05
3.785325e-04
2.593667e-04
2.593667e-04
3.890501e-05
3.890501e-05
3.890501e-05
1.274995e-04
2.593667e-04
4.992809e-05
3.890501e-05
2.593667e-04
3.890501e-05
2.593667e-04
2.593667e-04
3.785325e-04
6.766088e-05
3.695976e-04
3.785325e-04
7.308792e-04
2.593667e-04
1.469552e-04
2.593667e-04
7.197426e-05
2.593667e-04
2.593667e-04
2.593667e-04
3.785325e-04
4.717232e-05
4.551886e-05
4.992809e-05
3.785325e-04
2.593667e-04
2.593667e-04
3.785325e-04
3.890501e-05
3.890501e-05
4.798284e-04
3.890501e-05
3.890501e-05
9.191426e-04
2.593667e-04
2.593667e-04
2.593667e-04
2.593667e-04
1.226312e-03
9.480693e-05
3.785325e-04
3.785325e-04
4.976983e-04
3.890501e-05
2.593667e-04
3.890501e-05
1.997838e-04
3.890501e-05
2.593667e-04
2.593667e-04
5.543963e-05
2.593667e-04
3.890501e-05
3.785325e-04
2.593667e-04
2.593667e-04
2.593667e-04
4.191130e-05
6.766088e-05
2.593667e-04
2.593667e-04
3.890501e-05
2.593667e-04
2.593667e-04
3.890501e-05
5.543963e-05
3.785325e-04
4.717232e-05
2.593667e-04
3.890501e-05
3.890501e-05
3.785325e-04
3.890501e-05
2.593667e-04
3.785325e-04
7.197426e-05
5.543963e-05
2.593667e-04
3.785325e-04
2.593667e-04
7.197426e-05
3.890501e-05
2.593667e-04
2.593667e-04
3.785325e-04
2.593667e-04
3.890501e-05
2.593667e-04
5.543963e-05
3.890501e-05
2.593667e-04
2.593667e-04
2.593667e-04
7.197426e-05
2.593667e-04
2.593667e-04
3.785325e-04
2.593667e-04
3.328539e-04
3.890501e-05
2.593667e-04
7.197426e-05
7.197426e-05
2.593667e-04
3.890501e-05
2.593667e-04
2.593667e-04
2.593667e-04
2.593667e-04
2.593667e-04
2.585340e-04
2.593667e-04
4.142833e-04
3.890501e-05
3.785325e-04
3.785325e-04
2.593667e-04
2.593667e-04
2.593667e-04
1.381128e-04
3.695976e-04
2.593667e-04
3.890501e-05
3.785325e-04
2.593667e-04
3.890501e-05
2.593667e-04
3.785325e-04
2.812188e-04
3.890501e-05
3.785325e-04
2.593667e-04
7.197426e-05
3.785325e-04
3.785325e-04
2.593667e-04
3.890501e-05
2.593667e-04
3.785325e-04
6.744521e-05
2.593667e-04
3.890501e-05
2.593667e-04
3.890501e-05
5.252193e-04
3.890501e-05
7.197426e-05
2.593667e-04
2.593667e-04
4.992809e-05
3.890501e-05
2.593667e-04
4.992809e-05
3.785325e-04
2.593667e-04
7.197426e-05
3.890501e-05
2.593667e-04
2.593667e-04
3.785325e-04
3.890501e-05
3.890501e-05
3.785325e-04
1.997838e-04
3.890501e-05
7.197426e-05
3.785325e-04
3.785325e-04
3.890501e-05
3.367217e-04
3.785325e-04
6.766088e-05
5.543963e-05
3.785325e-04
3.785325e-04
3.890501e-05
2.593667e-04
2.593667e-04
2.593667e-04
2.593667e-04
6.766088e-05
1.805014e-04
2.593667e-04
3.785325e-04
7.197426e-05
2.593667e-04
2.593667e-04
3.367217e-04
8.726879e-05
2.593667e-04
2.858803e-04
2.593667e-04
2.593667e-04
7.197426e-05
3.785325e-04
2.593667e-04
3.890501e-05
2.593667e-04
3.890501e-05
3.890501e-05
3.890501e-05
1.997838e-04
2.593667e-04
2.593667e-04
7.197426e-05
3.890501e-05
3.890501e-05
1.126799e-04
2.593667e-04
3.785325e-04
3.785325e-04
2.593667e-04
2.593667e-04
3.890501e-05
2.593667e-04
2.593667e-04
2.593667e-04
2.593667e-04
3.367217e-04
5.757110e-05
3.890501e-05
3.890501e-05
3.785325e-04
2.593667e-04
3.785325e-04
3.785325e-04
2.593667e-04
2.593667e-04
3.062735e-04
2.593667e-04
4.976983e-04
3.890501e-05
3.890501e-05
2.593667e-04
2.593667e-04
3.890501e-05
3.890501e-05
5.543963e-05
2.593667e-04
2.593667e-04
5.543963e-05
1.671510e-03
3.890501e-05
3.785325e-04
7.197426e-05
3.890501e-05
2.593667e-04
2.593667e-04
3.785325e-04
7.197426e-05
2.593667e-04
3.367217e-04
2.593667e-04
2.593667e-04
2.593667e-04
2.593667e-04
3.890501e-05
3.890501e-05
2.593667e-04
2.593667e-04
2.593667e-04
3.785325e-04
7.197426e-05
2.593667e-04
2.593667e-04
2.593667e-04
3.890501e-05
2.593667e-04
7.197426e-05
2.593667e-04
3.328539e-04
3.890501e-05
7.197426e-05
3.367217e-04
2.593667e-04
2.593667e-04
3.890501e-05
2.280919e-04
2.593667e-04
2.593667e-04
3.785325e-04
3.890501e-05
2.593667e-04
2.593667e-04
2.593667e-04
2.593667e-04
3.890501e-05
2.593667e-04
2.593667e-04
2.593667e-04
3.785325e-04
2.593667e-04
3.890501e-05
7.114753e-05
2.593667e-04
2.593667e-04
4.992809e-05
3.890501e-05
2.593667e-04
3.785325e-04
2.593667e-04
3.785325e-04
3.890501e-05
3.785325e-04
5.543963e-05
3.890501e-05
2.593667e-04
6.402090e-05
7.197426e-05
2.593667e-04
2.593667e-04
2.593667e-04
3.785325e-04
3.890501e-05
1.997838e-04
6.766088e-05
1.007301e-04
3.785325e-04
1.820117e-04
5.543963e-05
7.197426e-05
3.890501e-05
2.593667e-04
3.785325e-04
5.543963e-05
1.997838e-04
3.606626e-04
5.543963e-05
3.785325e-04
3.785325e-04
3.785325e-04
2.593667e-04
3.785325e-04
1.799229e-04
2.593667e-04
6.766088e-05
2.593667e-04
2.593667e-04
2.593667e-04
2.593667e-04
4.352429e-04
3.785325e-04
2.593667e-04
2.593667e-04
2.593667e-04
7.197426e-05
2.593667e-04
3.890501e-05
2.593667e-04
2.593667e-04
6.766088e-05
3.785325e-04
2.593667e-04
2.593667e-04
3.785325e-04
2.593667e-04
2.593667e-04
3.890501e-05
3.785325e-04
3.890501e-05
1.799229e-04
3.785325e-04
2.593667e-04
3.785325e-04
3.890501e-05
3.785325e-04
1.997838e-04
2.593667e-04
2.593667e-04
3.785325e-04
2.593667e-04
7.197426e-05
2.593667e-04
2.593667e-04
2.593667e-04
2.593667e-04
2.593667e-04
2.593667e-04
3.890501e-05
2.593667e-04
3.785325e-04
3.890501e-05
2.504318e-04
3.890501e-05
3.785325e-04
2.593667e-04
7.197426e-05
2.593667e-04
3.785325e-04
1.997838e-04
3.890501e-05
3.785325e-04
3.785325e-04
2.593667e-04
3.785325e-04
3.890501e-05
2.593667e-04
2.593667e-04
2.593667e-04
3.785325e-04
3.890501e-05
7.197426e-05
3.785325e-04
3.890501e-05
6.766088e-05
6.766088e-05
3.785325e-04
3.890501e-05
3.062148e-04
2.593667e-04
2.593667e-04
3.890501e-05
3.890501e-05
3.785325e-04
3.785325e-04
2.026563e-04
4.362919e-05
3.785325e-04
2.593667e-04
2.593667e-04
7.197426e-05
4.992809e-05
3.785325e-04
7.197426e-05
3.785325e-04
3.890501e-05
3.890501e-05
2.593667e-04
7.197426e-05
2.593667e-04
8.679395e-05
2.593667e-04
2.593667e-04
4.191130e-05
3.890501e-05
3.890501e-05
2.593667e-04
3.785325e-04
3.785325e-04
3.890501e-05
2.593667e-04
1.799229e-04
3.890501e-05
2.593667e-04
3.890501e-05
3.785325e-04
3.890501e-05
6.766088e-05
2.593667e-04
7.197426e-05
2.593667e-04
2.593667e-04
3.785325e-04
6.766088e-05
7.197426e-05
3.890501e-05
3.785325e-04
3.785325e-04
2.593667e-04
2.593667e-04
2.593667e-04
3.785325e-04
7.197426e-05
3.367217e-04
2.593667e-04
2.593667e-04
3.890501e-05
2.838625e-04
2.593667e-04
3.785325e-04
2.593667e-04
3.890501e-05
2.593667e-04
3.785325e-04
3.890501e-05
2.593667e-04
3.890501e-05
2.593667e-04
7.197426e-05
7.197426e-05
3.890501e-05
3.785325e-04
3.890501e-05
3.890501e-05
3.785325e-04
5.676828e-04
3.785325e-04
7.197426e-05
3.785325e-04
2.593667e-04
3.890501e-05
2.593667e-04
3.890501e-05
3.890501e-05
2.593667e-04
3.890501e-05
2.593667e-04
1.044924e-04
1.294860e-04
6.766088e-05
8.679395e-05
3.785325e-04
3.890501e-05
2.593667e-04
4.428840e-04
3.785325e-04
2.593667e-04
2.593667e-04
3.785325e-04
3.785325e-04
2.593667e-04
3.785325e-04
2.593667e-04
2.593667e-04
3.890501e-05
2.593667e-04
2.593667e-04
3.890501e-05
6.766088e-05
2.593667e-04
7.197426e-05
3.785325e-04
7.900148e-05
3.785325e-04
3.785325e-04
1.824608e-04
3.785325e-04
3.890501e-05
9.641676e-05
7.197426e-05
2.593667e-04
2.593667e-04
2.593667e-04
3.890501e-05
2.593667e-04
3.890501e-05
2.593667e-04
3.890501e-05
2.593667e-04
1.050435e-04
2.593667e-04
3.785325e-04
2.593667e-04
3.890501e-05
7.197426e-05
1.799229e-04
4.992809e-05
1.494107e-04
3.890501e-05
1.126799e-04
3.785325e-04
3.890501e-05
4.992809e-05
2.593667e-04
3.785325e-04
2.593667e-04
2.593667e-04
4.992809e-05
2.122499e-04
3.785325e-04
3.890501e-05
1.336524e-04
3.785325e-04
3.890501e-05
2.593667e-04
1.997838e-04
4.296186e-04
3.785325e-04
2.593667e-04
3.890501e-05
2.593667e-04
2.599682e-04
2.593667e-04
3.785325e-04
3.890501e-05
3.890501e-05
4.717232e-05
2.593667e-04
3.785325e-04
2.593667e-04
3.890501e-05
3.890501e-05
3.890501e-05
3.890501e-05
2.593667e-04
3.785325e-04
2.593667e-04
3.890501e-05
3.890501e-05
3.890501e-05
2.593667e-04
3.890501e-05
9.480693e-05
3.890501e-05
2.593667e-04
2.593667e-04
3.890501e-05
9.480693e-05
2.593667e-04
3.890501e-05
5.543963e-05
3.890501e-05
1.284241e-04
2.593667e-04
2.593667e-04
2.593667e-04
5.543963e-05
1.621610e-04
3.785325e-04
2.593667e-04
3.890501e-05
2.593667e-04
2.593667e-04
3.890501e-05
2.593667e-04
3.785325e-04
3.890501e-05
3.890501e-05
1.050435e-04
3.785325e-04
2.593667e-04
3.785325e-04
1.799229e-04
3.952091e-04
1.050435e-04
2.593667e-04
3.129544e-04
3.890501e-05
3.785325e-04
3.785325e-04
2.593667e-04
3.785325e-04
2.593667e-04
2.593667e-04
3.785325e-04
3.785325e-04
3.890501e-05
3.890501e-05
2.593667e-04
3.785325e-04
2.593667e-04
3.890501e-05
7.197426e-05
2.593667e-04
3.890501e-05
1.050435e-04
2.593667e-04
3.890501e-05
2.593667e-04
2.593667e-04
2.593667e-04
4.717232e-05
1.050435e-04
4.717232e-05
3.890501e-05
2.593667e-04
3.695976e-04
2.593667e-04
2.593667e-04
7.197426e-05
3.890501e-05
2.593667e-04
3.890501e-05
3.890501e-05
2.593667e-04
3.890501e-05
2.593667e-04
2.593667e-04
2.593667e-04
3.890501e-05
7.197426e-05
2.593667e-04
3.890501e-05
2.593667e-04
2.593667e-04
2.593667e-04
4.619586e-04
2.593667e-04
2.593667e-04
3.890501e-05
3.890501e-05
2.593667e-04
1.167436e-03
2.593667e-04
2.593667e-04
2.593667e-04
2.593667e-04
1.744598e-04
2.593667e-04
2.593667e-04
2.593667e-04
1.997838e-04
2.593667e-04
2.593667e-04
2.593667e-04
3.890501e-05
2.593667e-04
2.593667e-04
3.890501e-05
2.593667e-04
8.481351e-05
2.593667e-04
2.593667e-04
9.236697e-05
7.197426e-05
2.593667e-04
2.593667e-04
3.890501e-05
2.593667e-04
3.890501e-05
2.593667e-04
5.543963e-05
3.890501e-05
7.197426e-05
3.890501e-05
2.593667e-04
3.890501e-05
3.890501e-05
3.785325e-04
1.997838e-04
3.890501e-05
2.593667e-04
3.606626e-04
2.593667e-04
3.785325e-04
3.785325e-04
2.509172e-04
2.593667e-04
3.890501e-05
2.593667e-04
6.949407e-05
5.543963e-05
2.593667e-04
2.593667e-04
2.593667e-04
1.997838e-04
6.766088e-05
2.593667e-04
5.929771e-05
3.367217e-04
3.890501e-05
3.785325e-04
1.617978e-04
3.367217e-04
7.197426e-05
2.593667e-04
6.766088e-05
3.785325e-04
2.593667e-04
3.890501e-05
3.785325e-04
3.890501e-05
2.593667e-04
1.198632e-04
3.367217e-04
2.593667e-04
3.890501e-05
3.785325e-04
3.890501e-05
3.785325e-04
2.593667e-04
2.593667e-04
2.593667e-04
2.593667e-04
2.593667e-04
9.127415e-04
6.766088e-05
2.593667e-04
3.785325e-04
2.593667e-04
2.593667e-04
3.890501e-05
2.593667e-04
2.593667e-04
1.387094e-04
3.785325e-04
2.593667e-04
6.095118e-05
3.890501e-05
3.785325e-04
5.543963e-05
2.593667e-04
3.785325e-04
3.785325e-04
3.695976e-04
2.593667e-04
3.890501e-05
2.593667e-04
8.238890e-05
2.593667e-04
1.997838e-04
3.785325e-04
2.593667e-04
3.785325e-04
6.766088e-05
2.593667e-04
2.593667e-04
3.890501e-05
3.785325e-04
2.593667e-04
3.785325e-04
2.593667e-04
3.890501e-05
3.890501e-05
2.593667e-04
2.593667e-04
3.890501e-05
3.785325e-04
3.785325e-04
2.593667e-04
2.593667e-04
3.785325e-04
6.766088e-05
2.593667e-04
3.785325e-04
3.785325e-04
3.890501e-05
2.593667e-04
3.890501e-05
2.593667e-04
3.785325e-04
3.785325e-04
3.890501e-05
2.593667e-04
3.890501e-05
2.593667e-04
2.593667e-04
5.543963e-05
3.890501e-05
2.593667e-04
2.593667e-04
2.593667e-04
3.890501e-05
3.890501e-05
4.717232e-05
2.593667e-04
3.890501e-05
2.593667e-04
2.593667e-04
2.593667e-04
7.197426e-05
3.890501e-05
8.299735e-05
3.890501e-05
3.890501e-05
3.890501e-05
2.593667e-04
3.786053e-04
2.593667e-04
2.593667e-04
3.890501e-05
3.890501e-05
3.890501e-05
2.593667e-04
2.593667e-04
2.593667e-04
2.593667e-04
2.593667e-04
4.857850e-04
2.593667e-04
2.593667e-04
2.593667e-04
2.593667e-04
2.593667e-04
3.890501e-05
7.197426e-05
1.189804e-04
3.890501e-05
3.785325e-04
2.593667e-04
3.785325e-04
3.695976e-04
2.593667e-04
3.367217e-04
3.785325e-04
2.593667e-04
2.593667e-04
3.785325e-04
2.838625e-04
3.890501e-05
2.593667e-04
3.785325e-04
3.785325e-04
2.593667e-04
7.197426e-05
2.593667e-04
3.890501e-05
3.890501e-05
7.197426e-05
2.593667e-04
2.593667e-04
3.890501e-05
2.593667e-04
3.890501e-05
3.890501e-05
8.679395e-05
3.785325e-04
3.890501e-05
1.031265e-04
4.992809e-05
2.593667e-04
3.785325e-04
1.997838e-04
3.785325e-04
2.593667e-04
3.890501e-05
2.593667e-04
2.593667e-04
3.785325e-04
3.890501e-05
3.985348e-04
3.785325e-04
5.757110e-05
1.711820e-04
3.890501e-05
2.593667e-04
3.890501e-05
3.890501e-05
3.785325e-04
7.197426e-05
3.785325e-04
3.062735e-04
3.785325e-04
1.997838e-04
4.992809e-05
2.593667e-04
3.890501e-05
2.054323e-04
3.890501e-05
3.785325e-04
1.356326e-04
3.890501e-05
5.543963e-05
5.543963e-05
2.593667e-04
2.593667e-04
2.593667e-04
5.543963e-05
3.785325e-04
3.785325e-04
1.174169e-04
2.593667e-04
3.785325e-04
3.785325e-04
2.593667e-04
7.197426e-05
4.952908e-04
1.612427e-04
2.593667e-04
2.593667e-04
3.890501e-05
2.593667e-04
2.593667e-04
3.785325e-04
3.890501e-05
3.890501e-05
3.785325e-04
1.711820e-04
3.785325e-04
3.785325e-04
8.679395e-05
3.890501e-05
3.890501e-05
2.593667e-04
3.890501e-05
4.717232e-05
3.890501e-05
2.929620e-04
3.785325e-04
2.593667e-04
7.197426e-05
3.890501e-05
2.593667e-04
2.593667e-04
3.367217e-04
3.606626e-04
2.593667e-04
3.890501e-05
3.785325e-04
3.785325e-04
3.785325e-04
1.126799e-04
2.593667e-04
9.480693e-05
7.197426e-05
2.593667e-04
3.890501e-05
3.785325e-04
2.593667e-04
4.992809e-05
1.385658e-04
3.890501e-05
2.593667e-04
2.593667e-04
2.026563e-04
2.593667e-04
3.785325e-04
3.890501e-05
9.480693e-05
2.593667e-04
2.593667e-04
2.891582e-04
3.785325e-04
7.197426e-05
2.593667e-04
2.793898e-03
3.785325e-04
3.890501e-05
2.593667e-04
2.593667e-04
2.593667e-04
7.197426e-05
2.593667e-04
4.257937e-05
3.785325e-04
3.890501e-05
2.593667e-04
2.593667e-04
1.126799e-04
3.890501e-05
2.593667e-04
2.593667e-04
2.593667e-04
2.593667e-04
3.189496e-04
3.785325e-04
2.593667e-04
1.612427e-04
3.785325e-04
2.593667e-04
7.197426e-05
7.197426e-05
1.997838e-04
3.890501e-05
7.197426e-05
3.785325e-04
3.890501e-05
2.593667e-04
3.890501e-05
3.890501e-05
3.785325e-04
2.593667e-04
3.606626e-04
2.593667e-04
2.593667e-04
3.785325e-04
3.785325e-04
2.504318e-04
5.543963e-05
2.593667e-04
3.785325e-04
4.857850e-04
3.890501e-05
2.593667e-04
2.593667e-04
3.890501e-05
9.480693e-05
2.593667e-04
5.543963e-05
3.785325e-04
3.890501e-05
3.890501e-05
2.593667e-04
2.593667e-04
3.890501e-05
2.593667e-04
2.593667e-04
1.136559e-04
3.890501e-05
3.785325e-04
2.593667e-04
3.890501e-05
3.890501e-05
2.026563e-04
2.593667e-04
3.785325e-04
2.593667e-04
2.593667e-04
3.890501e-05
3.890501e-05
3.890501e-05
9.797496e-05
2.593667e-04
2.593667e-04
3.890501e-05
3.785325e-04
3.890501e-05
3.785325e-04
2.593667e-04
3.890501e-05
4.551886e-05
2.593667e-04
3.890501e-05
3.328539e-04
1.820117e-04
2.593667e-04
2.593667e-04
3.890501e-05
3.890501e-05
3.890501e-05
2.593667e-04
3.785325e-04
3.785325e-04
2.593667e-04
2.593667e-04
6.766088e-05
3.890501e-05
2.593667e-04
1.997838e-04
3.785325e-04
3.890501e-05
3.785325e-04
1.790039e-03
2.593667e-04
2.593667e-04
2.593667e-04
2.593667e-04
3.890501e-05
8.602870e-05
2.593667e-04
3.890501e-05
2.593667e-04
2.593667e-04
2.593667e-04
2.593667e-04
2.593667e-04
3.890501e-05
2.593667e-04
3.890501e-05
3.785325e-04
3.890501e-05
4.992809e-05
3.785325e-04
3.890501e-05
2.593667e-04
3.785325e-04
2.593667e-04
3.890501e-05
3.890501e-05
3.890501e-05
2.593667e-04
3.062735e-04
1.997838e-04
2.593667e-04
3.890501e-05
2.593667e-04
3.890501e-05
3.890501e-05
2.593667e-04
3.890501e-05
1.711820e-04
8.850889e-05
3.890501e-05
3.785325e-04
2.337466e-04
7.197426e-05
3.695976e-04
2.593667e-04
2.593667e-04
3.890501e-05
3.890501e-05
3.890501e-05
1.050435e-04
3.785325e-04
5.543963e-05
4.857850e-04
2.593667e-04
3.890501e-05
3.785325e-04
3.890501e-05
2.593667e-04
2.593667e-04
3.890501e-05
3.890501e-05
7.197426e-05
3.785325e-04
1.997838e-04
5.543963e-05
2.593667e-04
3.367217e-04
2.593667e-04
3.785325e-04
4.857850e-04
2.593667e-04
4.717232e-05
2.593667e-04
2.593667e-04
2.593667e-04
2.593667e-04
3.606626e-04
3.890501e-05
3.785325e-04
1.050435e-04
3.785325e-04
2.593667e-04
3.785325e-04
3.785325e-04
2.593667e-04
3.890501e-05
2.593667e-04
4.857850e-04
3.890501e-05
8.679395e-05
2.593667e-04
2.593667e-04
3.367217e-04
3.890501e-05
2.593667e-04
3.785325e-04
2.593667e-04
1.997838e-04
3.890501e-05
2.593667e-04
3.890501e-05
3.890501e-05
3.785325e-04
2.593667e-04
2.593667e-04
3.785325e-04
2.593667e-04
9.480693e-05
2.593667e-04
3.890501e-05
3.785325e-04
3.344024e-04
2.593667e-04
3.890501e-05
5.428606e-05
2.593667e-04
2.593667e-04
3.890501e-05
3.890501e-05
2.593667e-04
3.606626e-04
2.593667e-04
3.890501e-05
3.785325e-04
2.593667e-04
2.593667e-04
2.593667e-04
1.617978e-04
2.593667e-04
2.593667e-04
3.890501e-05
3.409662e-04
3.104863e-04
2.593667e-04
3.890501e-05
2.593667e-04
3.890501e-05
2.593667e-04
2.593667e-04
2.593667e-04
2.593667e-04
3.890501e-05
3.785325e-04
2.593667e-04
6.246685e-05
3.785325e-04
3.890501e-05
3.785325e-04
2.593667e-04
3.785325e-04
3.890501e-05
3.785325e-04
3.785325e-04
3.890501e-05
2.593667e-04
2.593667e-04
4.717232e-05
3.785325e-04
3.890501e-05
3.890501e-05
7.197426e-05
3.785325e-04
5.213271e-05
3.785325e-04
2.593667e-04
3.785325e-04
3.890501e-05
2.593667e-04
6.402090e-05
3.367217e-04
2.593667e-04
2.593667e-04
3.785325e-04
2.593667e-04
2.593667e-04
2.593667e-04
7.197426e-05
3.890501e-05
2.593667e-04
3.785325e-04
3.785325e-04
7.197426e-05
2.593667e-04
7.197426e-05
3.785325e-04
5.543963e-05
2.593667e-04
7.825652e-05
2.593667e-04
4.381154e-04
8.134388e-05
6.744521e-05
3.785325e-04
3.785325e-04
3.890501e-05
8.551956e-04
2.593667e-04
8.238890e-05
2.593667e-04
3.890501e-05
3.785325e-04
6.766088e-05
3.785325e-04
2.593667e-04
7.197426e-05
2.593667e-04
2.593667e-04
2.593667e-04
3.785325e-04
3.890501e-05
3.785325e-04
3.785325e-04
2.593667e-04
3.890501e-05
3.890501e-05
2.593667e-04
2.593667e-04
2.593667e-04
2.593667e-04
3.695976e-04
3.785325e-04
4.717232e-05
3.785325e-04
4.798284e-04
3.785325e-04
2.593667e-04
3.890501e-05
3.785325e-04
7.197426e-05
2.593667e-04
2.593667e-04
3.890501e-05
2.593667e-04
3.890501e-05
3.890501e-05
2.593667e-04
3.367217e-04
3.328539e-04
3.034591e-04
2.593667e-04
2.593667e-04
2.593667e-04
3.890501e-05
2.593667e-04
2.593667e-04
3.890501e-05
3.890501e-05
5.543963e-05
2.593667e-04
6.766088e-05
3.890501e-05
3.785325e-04
2.593667e-04
4.976983e-04
2.593667e-04
1.997838e-04
2.593667e-04
3.890501e-05
2.593667e-04
1.843108e-03
3.785325e-04
3.890501e-05
2.593667e-04
3.890501e-05
3.890501e-05
1.000831e-04
2.593667e-04
3.785325e-04
7.197426e-05
3.785325e-04
1.050435e-04
2.273998e-04
3.890501e-05
2.593667e-04
3.890501e-05
6.766088e-05
1.493915e-04
2.593667e-04
7.197426e-05
3.890501e-05
2.593667e-04
3.785325e-04
2.593667e-04
3.785325e-04
1.560467e-03
7.197426e-05
2.593667e-04
3.890501e-05
3.890501e-05
6.766088e-05
3.890501e-05
2.593667e-04
2.593667e-04
2.593667e-04
3.890501e-05
2.593667e-04
7.197426e-05
3.890501e-05
2.593667e-04
3.890501e-05
5.900593e-04
3.785325e-04
3.785325e-04
3.890501e-05
3.785325e-04
4.857850e-04
9.480693e-05
2.593667e-04
3.367217e-04
2.593667e-04
2.593667e-04
3.785325e-04
3.890501e-05
2.593667e-04
3.890501e-05
3.890501e-05
2.593667e-04
3.890501e-05
3.189496e-04
4.142833e-04
1.820117e-04
2.593667e-04
2.593667e-04
2.593667e-04
3.890501e-05
2.593667e-04
3.890501e-05
3.785325e-04
3.890501e-05
2.593667e-04
3.785325e-04
9.181582e-05
7.114753e-05
3.890501e-05
2.593667e-04
9.298052e-05
2.593667e-04
2.593667e-04
6.766088e-05
2.593667e-04
3.678826e-04
3.890501e-05
2.593667e-04
1.270897e-04
2.593667e-04
6.949407e-05
2.593667e-04
9.641676e-05
3.785325e-04
9.480693e-05
2.593667e-04
2.593667e-04
2.593667e-04
2.593667e-04
3.785325e-04
2.593667e-04
7.197426e-05
3.785325e-04
2.593667e-04
2.593667e-04
2.812188e-04
3.367217e-04
1.997838e-04
1.050435e-04
2.593667e-04
3.890501e-05
3.785325e-04
2.042513e-04
2.593667e-04
7.197426e-05
3.890501e-05
2.593667e-04
1.638738e-03
2.593667e-04
3.785325e-04
2.891582e-04
2.593667e-04
3.890501e-05
3.785325e-04
4.976983e-04
7.197426e-05
3.785325e-04
3.367217e-04
1.539285e-04
3.785325e-04
3.890501e-05
2.593667e-04
3.890501e-05
3.890501e-05
2.593667e-04
2.593667e-04
5.543963e-05
2.593667e-04
3.785325e-04
3.785325e-04
3.785325e-04
1.126799e-04
2.593667e-04
3.890501e-05
6.766088e-05
2.593667e-04
2.593667e-04
3.890501e-05
2.593667e-04
2.593667e-04
2.593667e-04
2.593667e-04
3.785325e-04
3.890501e-05
2.593667e-04
2.593667e-04
4.992809e-05
2.593667e-04
3.890501e-05
1.997838e-04
3.890501e-05
2.090783e-04
2.593667e-04
7.197426e-05
2.593667e-04
7.197426e-05
3.785325e-04
6.766088e-05
3.785325e-04
3.890501e-05
2.593667e-04
3.890501e-05
2.593667e-04
3.890501e-05
2.593667e-04
8.302134e-04
3.890501e-05
5.714430e-04
3.890501e-05
3.367217e-04
3.785325e-04
3.890501e-05
3.785325e-04
3.785325e-04
2.593667e-04
1.050435e-04
3.367217e-04
3.890501e-05
2.593667e-04
4.717232e-05
2.593667e-04
3.785325e-04
3.890501e-05
2.593667e-04
2.593667e-04
2.593667e-04
3.785325e-04
3.890501e-05
3.785325e-04
2.593667e-04
7.623719e-05
2.593667e-04
3.890501e-05
3.890501e-05
2.593667e-04
3.890501e-05
2.593667e-04
7.197426e-05
2.593667e-04
3.785325e-04
2.593667e-04
2.593667e-04
3.785325e-04
3.785325e-04
3.785325e-04
3.890501e-05
2.593667e-04
1.711820e-04
2.593667e-04
2.593667e-04
3.890501e-05
4.992809e-05
3.785325e-04
2.593667e-04
3.785325e-04
3.890501e-05
3.890501e-05
3.785325e-04
2.593667e-04
3.890501e-05
3.785325e-04
3.890501e-05
1.050435e-04
3.890501e-05
2.593667e-04
3.890501e-05
3.890501e-05
3.890501e-05
3.890501e-05
2.593667e-04
1.997838e-04
2.593667e-04
2.593667e-04
2.593667e-04
2.593667e-04
2.593667e-04
2.593667e-04
6.402090e-05
2.593667e-04
2.593667e-04
2.593667e-04
2.593667e-04
8.299735e-05
2.593667e-04
2.593667e-04
6.766088e-05
3.785325e-04
2.593667e-04
3.890501e-05
3.890501e-05
2.593667e-04
3.785325e-04
2.593667e-04
2.593667e-04
3.890501e-05
3.785325e-04
2.593667e-04
3.785325e-04
2.593667e-04
2.593667e-04
2.593667e-04
2.593667e-04
5.543963e-05
3.890501e-05
3.785325e-04
3.890501e-05
3.785325e-04
2.593667e-04
2.593667e-04
1.997838e-04
3.890501e-05
2.593667e-04
3.785325e-04
3.890501e-05
2.593667e-04
3.785325e-04
3.785325e-04
2.593667e-04
6.766088e-05
2.593667e-04
3.890501e-05
3.785325e-04
2.593667e-04
3.890501e-05
7.197426e-05
4.857850e-04
2.593667e-04
7.197426e-05
3.890501e-05
3.890501e-05
1.050435e-04
3.890501e-05
9.298052e-05
3.890501e-05
3.890501e-05
1.997838e-04
2.593667e-04
3.890501e-05
3.785325e-04
2.593667e-04
5.543963e-05
3.785325e-04
3.890501e-05
3.785325e-04
3.890501e-05
2.593667e-04
2.593667e-04
2.593667e-04
3.890501e-05
5.543963e-05
1.395844e-04
3.785325e-04
3.062735e-04
3.890501e-05
2.593667e-04
2.593667e-04
2.593667e-04
5.543963e-05
3.785325e-04
3.890501e-05
3.785325e-04
3.785325e-04
2.593667e-04
3.890501e-05
5.929771e-05
2.593667e-04
1.997838e-04
2.593667e-04
1.820117e-04
1.617978e-04
1.802310e-04
1.997838e-04
1.997838e-04
1.442774e-04
2.593667e-04
3.695976e-04
3.890501e-05
1.997838e-04
3.890501e-05
7.197426e-05
2.593667e-04
7.197426e-05
7.197426e-05
3.890501e-05
2.593667e-04
3.890501e-05
2.593667e-04
3.520189e-04
3.890501e-05
6.524949e-05
1.997838e-04
3.890501e-05
7.197426e-05
1.997838e-04
2.593667e-04
2.593667e-04
2.338875e-04
7.197426e-05
1.000831e-04
6.766088e-05
4.992809e-05
8.146328e-04
1.126799e-04
2.593667e-04
3.890501e-05
3.890501e-05
1.997838e-04
3.890501e-05
1.997838e-04
1.215781e-04
7.197426e-05
5.543963e-05
3.890501e-05
3.890501e-05
1.997838e-04
1.997838e-04
3.890501e-05
1.997838e-04
3.890501e-05
3.890501e-05
4.992809e-05
1.997838e-04
1.997838e-04
3.890501e-05
3.890501e-05
3.890501e-05
3.890501e-05
1.997838e-04
3.890501e-05
1.997838e-04
1.000831e-04
1.997838e-04
3.890501e-05
3.890501e-05
7.197426e-05
1.997838e-04
3.890501e-05
1.997838e-04
3.890501e-05
6.095118e-05
1.997838e-04
1.997838e-04
3.890501e-05
1.997838e-04
7.197426e-05
7.197426e-05
7.197426e-05
3.890501e-05
3.890501e-05
6.766088e-05
8.299735e-05
1.997838e-04
3.890501e-05
3.890501e-05
2.593667e-04
1.997838e-04
6.766088e-05
1.997838e-04
3.890501e-05
3.890501e-05
3.890501e-05
2.593667e-04
1.997838e-04
1.997838e-04
3.890501e-05
1.997838e-04
1.997838e-04
2.593667e-04
3.527355e-04
2.563884e-04
2.593667e-04
3.890501e-05
3.890501e-05
2.593667e-04
3.890501e-05
3.890501e-05
2.593667e-04
1.799229e-04
2.593667e-04
7.197426e-05
3.890501e-05
2.593667e-04
6.107769e-05
8.299735e-05
2.593667e-04
3.890501e-05
5.543963e-05
3.890501e-05
8.784044e-05
3.890501e-05
7.197426e-05
3.890501e-05
3.890501e-05
1.997838e-04
2.593667e-04
3.890501e-05
3.890501e-05
1.997838e-04
4.992809e-05
2.593667e-04
1.997838e-04
1.997838e-04
1.997838e-04
3.890501e-05
5.989942e-04
4.992809e-05
4.105747e-04
1.050435e-04
1.997838e-04
1.997838e-04
1.997838e-04
4.257937e-05
3.890501e-05
3.890501e-05
7.197426e-05
3.890501e-05
1.997838e-04
3.785325e-04
3.890501e-05
1.997838e-04
3.890501e-05
1.419691e-03
1.997838e-04
2.593667e-04
7.197426e-05
8.602870e-05
3.890501e-05
2.593667e-04
1.331524e-04
3.890501e-05
5.213271e-05
1.296181e-04
1.997838e-04
3.890501e-05
1.997838e-04
1.997838e-04
3.890501e-05
3.890501e-05
2.593667e-04
1.997838e-04
7.197426e-05
5.543963e-05
7.197426e-05
3.890501e-05
1.463801e-04
1.997838e-04
1.997838e-04
3.890501e-05
1.050435e-04
3.890501e-05
3.890501e-05
2.593667e-04
4.441655e-05
3.890501e-05
3.890501e-05
1.997838e-04
3.890501e-05
1.050435e-04
3.890501e-05
3.890501e-05
2.593667e-04
3.890501e-05
3.695976e-04
7.197426e-05
1.997838e-04
3.890501e-05
1.997838e-04
3.890501e-05
5.304764e-04
1.997838e-04
4.551886e-05
4.992809e-05
2.593667e-04
9.632429e-05
1.997838e-04
6.576697e-05
6.576697e-05
1.997838e-04
1.997838e-04
1.997838e-04
7.197426e-05
2.593667e-04
3.890501e-05
1.997838e-04
7.197426e-05
7.816531e-05
3.890501e-05
3.890501e-05
3.890501e-05
7.197426e-05
3.890501e-05
1.820117e-04
2.593667e-04
3.890501e-05
7.197426e-05
2.804222e-04
1.997838e-04
2.032259e-04
2.593667e-04
2.593667e-04
2.593667e-04
1.711820e-04
3.890501e-05
1.997838e-04
7.197426e-05
2.593667e-04
1.997838e-04
7.197426e-05
7.816097e-05
2.593667e-04
3.890501e-05
3.890501e-05
2.891582e-04
1.997838e-04
3.890501e-05
4.798284e-04
2.563884e-04
1.997838e-04
2.593667e-04
3.890501e-05
1.997838e-04
6.576697e-05
2.593667e-04
1.997838e-04
3.890501e-05
1.997838e-04
1.508809e-04
3.890501e-05
1.997838e-04
1.997838e-04
7.197426e-05
3.890501e-05
5.189650e-05
4.441655e-05
1.997838e-04
5.543963e-05
1.997838e-04
2.593667e-04
1.997838e-04
3.890501e-05
1.997838e-04
2.593667e-04
3.890501e-05
3.412371e-04
3.890501e-05
1.997838e-04
3.890501e-05
9.632429e-05
5.213271e-05
1.997838e-04
5.543963e-05
3.890501e-05
1.820117e-04
7.197426e-05
3.890501e-05
5.687866e-04
3.890501e-05
3.890501e-05
1.997838e-04
2.214946e-04
1.050435e-04
1.997838e-04
3.890501e-05
2.593667e-04
2.585340e-04
1.997838e-04
3.890501e-05
8.134388e-05
3.890501e-05
9.567303e-04
3.890501e-05
2.593667e-04
3.890501e-05
1.997838e-04
5.543963e-05
3.890501e-05
1.997838e-04
3.890501e-05
3.890501e-05
4.992809e-05
7.197426e-05
1.000831e-04
2.593667e-04
3.890501e-05
3.890501e-05
5.543963e-05
3.890501e-05
3.890501e-05
3.890501e-05
3.785325e-04
2.124600e-04
2.593667e-04
1.997838e-04
1.000831e-04
1.997838e-04
3.890501e-05
4.717232e-05
3.890501e-05
1.997838e-04
3.890501e-05
3.890501e-05
3.890501e-05
2.563884e-04
3.890501e-05
4.441655e-05
2.593667e-04
2.699826e-04
1.820117e-04
1.997838e-04
8.299735e-05
1.997838e-04
1.820117e-04
3.890501e-05
1.997838e-04
2.563884e-04
2.593667e-04
3.890501e-05
1.997838e-04
3.890501e-05
1.281920e-04
3.890501e-05
3.890501e-05
3.890501e-05
1.997838e-04
2.593667e-04
3.890501e-05
3.890501e-05
1.997838e-04
3.890501e-05
2.593667e-04
3.890501e-05
1.997838e-04
3.890501e-05
3.890501e-05
3.890501e-05
8.024158e-05
5.543963e-05
2.563884e-04
3.890501e-05
8.679395e-05
1.997838e-04
5.543963e-05
4.798284e-04
7.197426e-05
1.997838e-04
5.543963e-05
1.997838e-04
1.997838e-04
1.997838e-04
2.593667e-04
3.890501e-05
3.890501e-05
7.197426e-05
3.890501e-05
3.890501e-05
7.197426e-05
3.890501e-05
3.890501e-05
3.890501e-05
4.992809e-05
3.890501e-05
3.890501e-05
7.197426e-05
3.890501e-05
2.593667e-04
8.850889e-05
3.890501e-05
3.890501e-05
2.593667e-04
1.997838e-04
6.576697e-05
1.997838e-04
3.890501e-05
7.989087e-04
1.997838e-04
3.890501e-05
2.593667e-04
8.679395e-05
4.717232e-05
3.890501e-05
1.997838e-04
1.997838e-04
1.997838e-04
7.197426e-05
1.997838e-04
1.997838e-04
1.997838e-04
2.593667e-04
3.890501e-05
7.197426e-05
3.890501e-05
4.992809e-05
1.997838e-04
3.890501e-05
1.050435e-04
3.890501e-05
7.197426e-05
1.997838e-04
1.381128e-04
1.997838e-04
1.997838e-04
2.593667e-04
1.997838e-04
1.820117e-04
1.997838e-04
4.992809e-05
3.890501e-05
1.997838e-04
1.050435e-04
1.126799e-04
1.997838e-04
1.997838e-04
3.890501e-05
2.593667e-04
1.997838e-04
1.997838e-04
1.997838e-04
5.213271e-05
1.997838e-04
3.890501e-05
6.766088e-05
1.997838e-04
1.997838e-04
3.890501e-05
8.238890e-05
1.997838e-04
3.890501e-05
3.890501e-05
3.890501e-05
2.593667e-04
2.251078e-04
3.890501e-05
3.890501e-05
2.593667e-04
2.593667e-04
3.890501e-05
3.890501e-05
1.997838e-04
2.593667e-04
4.992809e-05
7.197426e-05
2.593667e-04
3.890501e-05
1.997838e-04
7.197426e-05
1.997838e-04
3.890501e-05
3.890501e-05
1.050435e-04
2.593667e-04
3.890501e-05
9.677620e-05
8.850889e-05
1.997838e-04
2.593667e-04
1.997838e-04
3.785325e-04
3.890501e-05
3.890501e-05
1.997838e-04
3.144821e-04
3.890501e-05
1.997838e-04
3.890501e-05
5.543963e-05
3.890501e-05
8.602870e-05
7.197426e-05
3.890501e-05
9.304254e-05
5.543963e-05
1.711820e-04
3.890501e-05
3.890501e-05
1.000831e-04
2.593667e-04
1.997838e-04
3.890501e-05
3.890501e-05
3.890501e-05
3.890501e-05
3.890501e-05
1.997838e-04
3.890501e-05
3.890501e-05
5.001148e-04
1.625553e-04
2.593667e-04
3.890501e-05
4.976983e-04
7.130581e-05
3.890501e-05
3.890501e-05
6.766088e-05
3.890501e-05
3.890501e-05
2.593667e-04
7.197426e-05
3.890501e-05
3.890501e-05
9.566470e-04
1.997838e-04
1.997838e-04
8.373684e-05
3.890501e-05
3.890501e-05
6.766088e-05
2.186520e-04
3.890501e-05
3.890501e-05
3.890501e-05
1.997838e-04
3.890501e-05
1.997838e-04
2.593667e-04
2.593667e-04
4.887633e-04
1.997838e-04
3.890501e-05
1.997838e-04
3.890501e-05
1.997838e-04
2.563884e-04
6.576697e-05
7.197426e-05
3.890501e-05
1.281920e-04
3.890501e-05
1.997838e-04
3.890501e-05
2.504318e-04
3.890501e-05
3.890501e-05
2.593667e-04
1.997838e-04
3.890501e-05
2.593667e-04
1.997838e-04
1.997838e-04
1.997838e-04
3.890501e-05
5.511053e-04
6.576697e-05
3.890501e-05
1.997838e-04
5.543963e-05
3.785325e-04
1.799229e-04
1.997838e-04
1.997838e-04
1.997838e-04
7.438051e-04
3.890501e-05
2.631666e-04
1.050435e-04
1.802310e-04
4.257937e-05
1.997838e-04
4.212662e-04
7.197426e-05
2.593667e-04
2.593667e-04
3.890501e-05
3.890501e-05
3.890501e-05
4.992809e-05
1.997838e-04
3.890501e-05
1.997838e-04
1.997838e-04
7.197426e-05
7.197426e-05
3.890501e-05
3.890501e-05
1.202200e-04
3.890501e-05
5.543963e-05
1.997838e-04
3.890501e-05
2.593667e-04
2.593667e-04
1.997838e-04
2.593667e-04
2.593667e-04
1.997838e-04
3.890501e-05
3.890501e-05
3.890501e-05
3.890501e-05
3.785325e-04
1.997838e-04
7.197426e-05
7.197426e-05
3.062735e-04
1.997838e-04
1.997838e-04
1.997838e-04
1.997838e-04
3.890501e-05
1.997838e-04
2.593667e-04
3.695976e-04
3.890501e-05
3.890501e-05
1.997838e-04
2.593667e-04
6.949407e-05
2.593667e-04
2.593667e-04
1.616333e-04
3.890501e-05
3.890501e-05
2.593667e-04
5.543963e-05
1.820117e-04
2.593667e-04
1.997838e-04
3.890501e-05
1.050435e-04
1.997838e-04
1.997838e-04
2.593667e-04
1.997838e-04
1.997838e-04
2.593667e-04
1.997838e-04
1.997838e-04
3.890501e-05
1.997838e-04
5.543963e-05
3.890501e-05
5.543963e-05
7.623719e-05
1.997838e-04
4.717232e-05
1.997838e-04
2.593667e-04
2.593667e-04
3.890501e-05
3.890501e-05
1.997838e-04
3.890501e-05
2.593667e-04
3.890501e-05
1.997838e-04
5.543963e-05
3.890501e-05
3.890501e-05
3.890501e-05
2.593667e-04
7.197426e-05
9.632429e-05
8.299735e-05
4.551886e-05
3.890501e-05
2.593667e-04
7.674402e-05
1.997838e-04
3.695976e-04
2.563884e-04
3.890501e-05
1.050435e-04
3.890501e-05
1.997838e-04
3.890501e-05
3.606626e-04
1.997838e-04
3.890501e-05
7.197426e-05
1.997838e-04
1.997838e-04
1.997838e-04
7.197426e-05
3.890501e-05
2.593667e-04
1.997838e-04
1.997838e-04
1.997838e-04
3.890501e-05
7.197426e-05
5.543963e-05
3.890501e-05
2.124600e-04
1.997838e-04
7.197426e-05
1.997838e-04
2.593667e-04
6.766088e-05
2.593667e-04
3.890501e-05
2.593667e-04
3.890501e-05
1.997838e-04
4.992809e-05
1.997838e-04
3.890501e-05
1.997838e-04
2.593667e-04
1.997838e-04
3.890501e-05
2.593667e-04
3.890501e-05
8.784044e-05
3.890501e-05
7.197426e-05
3.890501e-05
7.197426e-05
3.890501e-05
3.280768e-04
3.890501e-05
4.992809e-05
1.997838e-04
2.593667e-04
1.997838e-04
3.890501e-05
1.997838e-04
1.202200e-04
1.997838e-04
3.890501e-05
2.593667e-04
8.496576e-05
3.890501e-05
2.593667e-04
3.890501e-05
2.593667e-04
3.890501e-05
3.890501e-05
3.890501e-05
6.195244e-05
1.000831e-04
1.997838e-04
3.890501e-05
3.890501e-05
3.890501e-05
3.890501e-05
3.890501e-05
3.890501e-05
1.799229e-04
3.890501e-05
1.997838e-04
1.997838e-04
2.593667e-04
4.257937e-05
1.997838e-04
1.544387e-04
7.900148e-05
1.997838e-04
3.890501e-05
1.997838e-04
3.890501e-05
7.197426e-05
3.890501e-05
3.890501e-05
3.890501e-05
2.593667e-04
2.593667e-04
7.197426e-05
1.997838e-04
1.997838e-04
1.997838e-04
1.820117e-04
3.890501e-05
5.543963e-05
1.820117e-04
1.997838e-04
1.997838e-04
1.997838e-04
2.337466e-04
7.583234e-05
1.997838e-04
7.197426e-05
2.593667e-04
1.997838e-04
3.890501e-05
4.992809e-05
7.197426e-05
1.997838e-04
1.997838e-04
3.890501e-05
7.674402e-05
3.890501e-05
1.997838e-04
7.197426e-05
7.197426e-05
3.890501e-05
3.890501e-05
1.997838e-04
3.890501e-05
3.890501e-05
1.753157e-04
3.822169e-04
1.997838e-04
3.890501e-05
1.442774e-04
3.890501e-05
4.992809e-05
1.997838e-04
3.559193e-04
1.997838e-04
3.890501e-05
1.025633e-04
1.997838e-04
3.890501e-05
1.997838e-04
5.543963e-05
3.890501e-05
1.997838e-04
1.997838e-04
3.890501e-05
2.593667e-04
2.593667e-04
1.997838e-04
2.593667e-04
7.197426e-05
2.593667e-04
3.890501e-05
1.820117e-04
1.997838e-04
3.890501e-05
2.593667e-04
2.593667e-04
1.997838e-04
3.890501e-05
1.997838e-04
5.811243e-04
3.785325e-04
2.593667e-04
3.890501e-05
3.890501e-05
3.890501e-05
1.997838e-04
5.543963e-05
2.593667e-04
1.997838e-04
1.997838e-04
1.997838e-04
3.890501e-05
8.602870e-05
3.890501e-05
2.593667e-04
1.997838e-04
8.850889e-05
5.543963e-05
3.890501e-05
3.144821e-04
1.820117e-04
7.197426e-05
1.997838e-04
1.997838e-04
1.997838e-04
3.890501e-05
2.593667e-04
5.461290e-05
2.593667e-04
4.992809e-05
3.890501e-05
3.890501e-05
2.593667e-04
2.593667e-04
7.197426e-05
1.997838e-04
1.997838e-04
7.197426e-05
7.197426e-05
7.197426e-05
2.593667e-04
3.890501e-05
3.890501e-05
1.997838e-04
1.584543e-04
1.080200e-04
1.997838e-04
1.744598e-04
1.778060e-03
1.997838e-04
1.872774e-03
1.997838e-04
1.997838e-04
1.997838e-04
5.543963e-05
3.890501e-05
3.890501e-05
2.593667e-04
6.766088e-05
1.997838e-04
1.997838e-04
9.623344e-05
3.890501e-05
2.593667e-04
1.997838e-04
7.197426e-05
3.890501e-05
1.997838e-04
3.890501e-05
2.593667e-04
2.593667e-04
3.890501e-05
3.890501e-05
2.593667e-04
3.890501e-05
1.997838e-04
1.997838e-04
2.873244e-04
4.887633e-04
3.890501e-05
3.890501e-05
3.100147e-04
1.997838e-04
6.576697e-05
3.890501e-05
2.428321e-04
2.593667e-04
2.593667e-04
3.890501e-05
1.997838e-04
5.543963e-05
4.992809e-05
1.997838e-04
1.997838e-04
3.695976e-04
9.641676e-05
1.997838e-04
3.890501e-05
6.645504e-04
7.197426e-05
1.997838e-04
1.546474e-04
1.997838e-04
3.890501e-05
6.766088e-05
3.890501e-05
3.890501e-05
3.890501e-05
3.890501e-05
1.997838e-04
1.997838e-04
2.593667e-04
3.890501e-05
3.785325e-04
3.890501e-05
2.593667e-04
2.593667e-04
5.543963e-05
3.890501e-05
1.997838e-04
4.992809e-05
3.890501e-05
3.890501e-05
1.997838e-04
1.997838e-04
3.890501e-05
3.890501e-05
3.890501e-05
1.997838e-04
3.890501e-05
1.997838e-04
7.197426e-05
1.997838e-04
2.593667e-04
3.890501e-05
2.593667e-04
3.695976e-04
3.890501e-05
3.890501e-05
1.997838e-04
5.543963e-05
1.820117e-04
7.445504e-04
3.890501e-05
1.050435e-04
2.186520e-04
3.890501e-05
1.997838e-04
1.997838e-04
1.050435e-04
3.890501e-05
5.929771e-05
5.543963e-05
1.997838e-04
3.890501e-05
2.593667e-04
5.543963e-05
2.593667e-04
2.804222e-04
1.997838e-04
3.890501e-05
3.890501e-05
2.593667e-04
3.890501e-05
1.997838e-04
3.890501e-05
2.621257e-04
4.976983e-04
5.461290e-05
1.997838e-04
1.997838e-04
4.992809e-05
1.997838e-04
3.890501e-05
2.593667e-04
3.890501e-05
3.890501e-05
1.997838e-04
2.593667e-04
3.890501e-05
1.997838e-04
2.170945e-04
2.593667e-04
1.997838e-04
1.997838e-04
6.195244e-05
3.890501e-05
2.593667e-04
1.997838e-04
2.593667e-04
3.890501e-05
3.890501e-05
7.197426e-05
1.997838e-04
2.593667e-04
5.543963e-05
3.890501e-05
2.593667e-04
7.197426e-05
3.890501e-05
2.236909e-04
2.285021e-04
1.997838e-04
7.197426e-05
1.997838e-04
7.197426e-05
4.619586e-04
3.890501e-05
4.992809e-05
3.890501e-05
1.997838e-04
1.997838e-04
5.543963e-05
2.593667e-04
2.593667e-04
1.997838e-04
3.890501e-05
3.890501e-05
3.890501e-05
3.890501e-05
6.766088e-05
3.890501e-05
3.890501e-05
1.997838e-04
2.593667e-04
1.332672e-03
1.997838e-04
2.593667e-04
1.997838e-04
2.042513e-04
1.997838e-04
7.858811e-05
7.504498e-05
2.593667e-04
2.124600e-04
1.805014e-04
3.890501e-05
2.593667e-04
5.757110e-05
1.820117e-04
3.890501e-05
2.593667e-04
1.997838e-04
1.997838e-04
1.997838e-04
3.890501e-05
3.890501e-05
3.890501e-05
1.997838e-04
4.976983e-04
4.992809e-05
3.890501e-05
2.593667e-04
2.593667e-04
3.890501e-05
3.890501e-05
3.890501e-05
2.812188e-04
3.890501e-05
1.997838e-04
1.997838e-04
4.992809e-05
6.576697e-05
3.890501e-05
2.593667e-04
2.593667e-04
3.890501e-05
5.543963e-05
3.890501e-05
1.997838e-04
3.890501e-05
3.890501e-05
7.197426e-05
1.997838e-04
3.890501e-05
1.997838e-04
3.890501e-05
2.593667e-04
7.197426e-05
1.997838e-04
7.197426e-05
3.890501e-05
2.593667e-04
2.593667e-04
1.997838e-04
7.360298e-04
3.890501e-05
1.997838e-04
3.890501e-05
2.593667e-04
1.997838e-04
3.890501e-05
1.997838e-04
3.890501e-05
1.997838e-04
1.997838e-04
3.890501e-05
1.997838e-04
1.997838e-04
1.799229e-04
1.997838e-04
1.997838e-04
3.890501e-05
7.197426e-05
1.799229e-04
2.593667e-04
1.126799e-04
1.997838e-04
3.890501e-05
1.997838e-04
1.997838e-04
2.593667e-04
7.197426e-05
1.997838e-04
1.997838e-04
3.785325e-04
1.997838e-04
2.593667e-04
7.197426e-05
3.890501e-05
1.997838e-04
7.197426e-05
1.997838e-04
3.890501e-05
2.593667e-04
8.679395e-05
1.997838e-04
1.000831e-04
8.765460e-05
2.593667e-04
6.766088e-05
2.593667e-04
1.000831e-04
1.997838e-04
1.997838e-04
3.890501e-05
1.997838e-04
3.890501e-05
6.775630e-04
3.890501e-05
2.593667e-04
3.890501e-05
1.997838e-04
3.890501e-05
9.632429e-05
1.997838e-04
3.890501e-05
3.890501e-05
3.890501e-05
2.593667e-04
3.890501e-05
7.197426e-05
1.997838e-04
3.890501e-05
3.890501e-05
9.641676e-05
4.992809e-05
1.997838e-04
5.543963e-05
1.260838e-04
1.997838e-04
1.997838e-04
3.890501e-05
1.202200e-04
3.890501e-05
3.367217e-04
2.593667e-04
4.717232e-05
8.679395e-05
3.890501e-05
2.593667e-04
1.997838e-04
7.197426e-05
6.766088e-05
3.890501e-05
8.238890e-05
3.890501e-05
3.890501e-05
3.890501e-05
3.890501e-05
2.593667e-04
2.593667e-04
1.997838e-04
1.997838e-04
5.543963e-05
3.890501e-05
1.799229e-04
3.890501e-05
4.362919e-05
1.997838e-04
2.593667e-04
8.602870e-05
1.997838e-04
1.997838e-04
7.197426e-05
3.695976e-04
7.197426e-05
3.890501e-05
3.890501e-05
1.997838e-04
3.890501e-05
1.997838e-04
4.992809e-05
3.890501e-05
2.593667e-04
8.602870e-05
5.428606e-05
1.997838e-04
1.997838e-04
1.997838e-04
3.890501e-05
7.197426e-05
3.034591e-04
3.890501e-05
3.890501e-05
6.362013e-04
3.890501e-05
1.997838e-04
3.890501e-05
3.890501e-05
4.717232e-05
1.997838e-04
1.997838e-04
2.337466e-04
1.050435e-04
7.197426e-05
3.890501e-05
5.565112e-05
3.890501e-05
3.890501e-05
3.890501e-05
6.766088e-05
1.997838e-04
4.820064e-04
1.997838e-04
3.890501e-05
3.890501e-05
4.551886e-05
3.890501e-05
1.997838e-04
5.213271e-05
1.997838e-04
3.890501e-05
3.890501e-05
3.890501e-05
3.890501e-05
2.593667e-04
3.890501e-05
3.890501e-05
1.997838e-04
1.997838e-04
3.890501e-05
1.997838e-04
1.997838e-04
3.890501e-05
4.717232e-05
3.890501e-05
2.593667e-04
1.997838e-04
3.890501e-05
1.997838e-04
1.820117e-04
3.890501e-05
1.997838e-04
3.890501e-05
7.197426e-05
1.997838e-04
3.890501e-05
7.197426e-05
4.992809e-05
7.197426e-05
1.997838e-04
1.000831e-04
1.997838e-04
1.997838e-04
3.367217e-04
1.997838e-04
1.157265e-04
1.997838e-04
1.997838e-04
3.890501e-05
1.799229e-04
3.890501e-05
1.659041e-04
8.679395e-05
3.890501e-05
3.890501e-05
7.114753e-05
3.890501e-05
2.593667e-04
3.890501e-05
1.997838e-04
3.890501e-05
2.593667e-04
3.890501e-05
2.593667e-04
1.997838e-04
2.593667e-04
6.576697e-05
3.890501e-05
2.593667e-04
6.576697e-05
3.606626e-04
3.890501e-05
1.997838e-04
3.890501e-05
3.890501e-05
4.717232e-05
8.784044e-05
3.890501e-05
2.593667e-04
3.890501e-05
1.997838e-04
1.997838e-04
2.593667e-04
2.915390e-04
7.197426e-05
1.997838e-04
3.890501e-05
1.997838e-04
3.890501e-05
2.593667e-04
3.890501e-05
3.890501e-05
3.890501e-05
3.890501e-05
1.997838e-04
1.799229e-04
1.997838e-04
3.890501e-05
1.997838e-04
3.890501e-05
2.593667e-04
